119,157,78,64
118,149,78,64
115,142,79,65
111,135,79,65
105,128,81,66
101,124,81,66
101,123,81,66
102,123,79,65
107,122,77,63
114,120,77,63
119,118,77,63
122,114,77,63
124,108,76,62
123,102,76,62
121,96,76,62
117,91,76,62
113,91,76,62
109,92,74,61
108,94,73,60
108,99,72,59
112,104,72,59
115,106,70,57
117,107,70,57
119,112,70,57
121,116,69,56
121,120,69,56
118,124,69,56
114,129,69,56
106,133,70,57
99,141,70,57
94,151,72,59
96,157,73,60
101,164,73,60
104,165,74,61
106,167,74,61
107,169,74,61
110,171,76,62
110,171,76,62
109,170,76,62
107,172,77,63
105,172,79,65
102,171,79,65
102,172,79,65
104,171,79,65
105,171,79,65
107,171,79,65
108,170,79,65
108,170,79,65
108,170,79,65
107,172,79,65
103,174,77,63
98,177,77,63
95,182,76,62
95,186,76,62
101,188,76,62
108,188,74,61
114,186,74,61
119,186,74,61
120,185,73,60
115,181,73,60
109,180,72,59
104,184,72,59
100,190,70,57
102,195,70,57
104,195,69,56
108,194,67,55
111,190,67,55
112,182,66,54
111,177,65,53
110,169,63,52
106,162,63,52
101,157,62,51
95,156,62,51
93,159,62,51
95,161,62,51
98,159,62,51
100,160,62,51
103,160,62,51
104,158,62,51
105,156,62,51
106,154,62,51
103,151,62,51
100,153,62,51
98,157,62,51
96,160,62,51
101,170,62,51
104,175,62,51
105,181,62,51
102,189,62,51
100,193,62,51
98,196,62,51
97,198,62,51
96,200,62,51
92,199,61,50
88,201,60,49
86,201,60,49
86,199,59,48
87,199,57,47
94,202,57,47
101,199,56,46
105,195,56,46
107,191,55,45
107,185,56,46
103,181,56,46
99,180,56,46
94,184,56,46
93,185,56,46
95,186,56,46
98,186,56,46
102,187,56,46
105,187,56,46
106,186,56,46
109,187,56,46
110,187,55,45
111,188,55,45
107,190,55,45
103,189,55,45
102,193,54,44
106,195,54,44
110,194,54,44
112,191,53,43
113,187,52,43
114,183,51,42
113,181,50,41
112,180,50,41
109,177,49,40
107,173,49,40
104,168,49,40
103,165,49,40
99,162,49,40
92,162,49,40
92,160,49,40
96,156,49,40
99,156,49,40
100,156,50,41
103,154,50,41
105,153,50,41
106,152,50,41
105,150,49,40
105,153,50,41
105,158,50,41
106,164,50,41
106,172,50,41
105,177,49,40
105,181,49,40
107,182,49,40
109,181,49,40
108,182,49,40
105,185,48,39
104,183,48,39
104,182,47,39
101,177,46,38
97,169,44,36
98,170,43,36
101,170,43,35
104,169,42,34
108,170,42,34
110,175,42,34
112,180,42,34
113,182,41,33
114,184,41,33
115,185,41,33
115,187,40,33
114,185,40,33
113,186,40,33
113,184,40,33
114,182,40,33
113,179,40,33
111,176,40,33
110,174,40,33
110,170,40,33
109,166,40,33
110,164,41,33
109,161,42,34
110,161,43,35
109,159,43,36
109,158,44,36
107,159,45,37
106,161,46,38
105,163,47,39
104,165,47,39
104,167,48,39
105,168,49,40
106,167,49,40
106,163,50,41
105,163,50,41
103,163,50,41
102,163,51,42
101,164,51,42
100,165,51,42
99,164,51,42
97,167,51,42
95,167,51,42
93,167,51,42
90,162,51,42
89,161,51,42
91,159,52,43
92,154,52,43
95,153,53,43
94,150,54,44
95,153,55,45
93,154,55,45
92,160,56,46
88,163,57,47
86,167,59,48
86,171,59,48
88,176,59,48
90,178,59,48
91,182,60,49
90,185,60,49
85,184,60,49
83,186,60,49
81,188,60,49
81,192,60,49
84,190,59,48
89,189,59,48
94,186,57,47
98,179,57,47
100,172,57,47
101,166,59,48
98,158,59,48
99,157,59,48
97,155,59,48
92,153,59,48
93,156,59,48
95,159,59,48
96,162,60,49
98,167,60,49
102,169,60,49
105,171,60,49
108,176,60,49
110,178,61,50
108,181,62,51
103,183,63,52
99,183,65,53
98,184,66,54
100,187,67,55
103,187,67,55
103,187,67,55
101,187,67,55
98,185,67,55
94,183,69,56
89,183,69,56
85,183,69,56
79,179,69,56
81,177,69,56
85,172,69,56
87,167,67,55
87,163,67,55
88,162,67,55
88,163,66,54
89,161,65,53
88,159,63,52
88,157,63,52
86,159,63,52
87,162,62,51
90,164,61,50
94,166,61,50
99,166,61,50
102,165,61,50
105,167,61,50
104,164,61,50
98,165,61,50
90,167,62,51
85,171,63,52
88,173,63,52
93,175,63,52
98,176,63,52
100,174,63,52
102,172,63,52
103,172,63,52
104,171,63,52
102,171,63,52
101,173,62,51
101,175,61,50
99,169,61,50
99,164,60,49
101,162,60,49
100,157,59,48
98,151,57,47
97,147,57,47
97,142,59,48
96,137,59,48
95,141,57,47
94,142,57,47
89,144,59,48
89,148,59,48
93,150,59,48
99,153,59,48
104,157,59,48
105,162,57,47
102,170,57,47
98,174,57,47
93,178,57,47
90,180,57,47
87,183,57,47
86,185,57,47
87,186,57,47
88,185,57,47
89,185,56,46
92,184,56,46
94,180,56,46
95,178,56,46
95,178,56,46
95,174,57,47
94,174,59,48
91,173,59,48
91,174,60,49
93,173,61,50
94,173,61,50
95,173,62,51
97,175,62,51
98,178,62,51
98,179,62,51
99,178,62,51
100,180,62,51
102,178,61,50
107,173,60,49
112,173,60,49
115,175,60,49
119,174,60,49
121,171,60,49
119,168,60,49
117,168,60,49
115,170,60,49
113,168,60,49
109,169,60,49
108,172,60,49
109,174,60,49
109,178,60,49
110,181,60,49
110,183,60,49
110,185,59,48
108,187,59,48
104,187,59,48
102,187,59,48
100,183,59,48
98,179,59,48
98,175,59,48
102,170,59,48
104,165,59,48
106,161,59,48
108,158,59,48
109,153,59,48
109,148,59,48
108,148,57,47
107,145,59,48
102,145,59,48
100,148,57,47
102,150,57,47
106,153,56,46
110,157,55,45
115,162,54,44
118,167,54,44
118,172,54,44
116,176,54,44
113,182,53,43
110,189,53,43
111,192,53,43
114,195,53,43
118,197,53,43
120,198,53,43
121,195,53,43
120,192,53,43
119,187,53,43
116,185,53,43
115,183,52,43
116,180,52,43
115,178,52,43
115,179,52,43
115,178,52,43
116,176,52,43
117,174,53,43
116,171,53,43
116,170,53,43
116,169,53,43
116,169,53,43
114,169,53,43
112,170,53,43
111,172,53,43
111,175,53,43
112,180,53,43
115,185,53,43
118,189,54,44
122,192,55,45
123,194,55,45
123,195,55,45
122,198,56,46
119,199,56,46
117,199,56,46
116,200,56,46
115,199,56,46
114,200,56,46
111,200,56,46
108,204,56,46
109,208,56,46
111,207,56,46
115,208,56,46
116,211,56,46
119,210,56,46
119,209,56,46
119,207,56,46
118,205,56,46
117,202,56,46
115,197,56,46
115,195,56,46
116,195,56,46
117,194,57,47
117,193,57,47
116,192,57,47
114,188,59,48
110,184,59,48
106,183,59,48
104,183,60,49
102,179,60,49
101,185,60,49
103,189,60,49
105,193,60,49
109,197,60,49
110,199,60,49
110,201,60,49
109,203,60,49
109,202,60,49
108,200,60,49
106,198,60,49
104,198,60,49
104,196,60,49
106,192,59,48
110,191,59,48
113,189,59,48
115,187,59,48
113,182,59,48
111,177,59,48
109,175,59,48
107,172,59,48
105,169,59,48
105,167,59,48
105,165,57,47
106,164,57,47
108,164,57,47
109,165,57,47
109,169,57,47
108,173,57,47
109,178,57,47
109,183,57,47
108,187,57,47
107,190,57,47
105,193,57,47
105,195,56,46
107,196,56,46
111,197,55,45
115,196,55,45
118,194,55,45
119,192,55,45
121,191,55,45
121,187,55,45
117,183,55,45
113,182,55,45
112,178,55,45
112,175,55,45
116,170,55,45
117,168,55,45
117,167,55,45
116,166,56,46
115,164,56,46
114,163,56,46
115,161,56,46
114,158,56,46
114,157,56,46
113,154,56,46
111,151,56,46
