250,70,103,61
250,70,103,61
250,70,103,61
249,70,103,61
248,69,103,61
247,69,103,61
247,69,105,62
246,68,105,62
245,67,105,62
244,67,105,62
242,67,105,62
240,66,107,63
237,66,107,63
233,66,107,63
228,66,107,63
222,67,107,63
216,67,107,63
209,68,107,63
202,69,107,63
196,70,109,64
189,72,111,66
183,74,111,66
177,77,113,67
170,80,113,67
164,84,113,67
160,88,115,68
154,94,118,70
149,100,118,70
146,106,118,70
141,113,120,71
136,121,123,72
132,128,125,74
127,137,125,74
122,146,125,74
118,156,125,74
116,166,125,74
114,176,125,74
110,185,125,74
109,195,125,74
107,205,128,75
105,215,128,75
103,224,128,75
101,233,128,75
100,242,128,75
100,251,128,75
101,258,128,75
102,265,128,75
103,272,128,75
104,278,128,75
105,284,125,74
106,288,125,74
108,293,125,74
110,297,125,74
114,301,125,74
116,305,125,74
120,309,123,72
122,311,123,72
126,316,123,72
128,320,123,72
133,322,123,72
138,327,123,72
143,331,123,72
148,335,123,72
152,340,123,72
157,344,123,72
161,349,123,72
166,353,123,72
172,358,123,72
177,363,123,72
183,368,123,72
188,372,123,72
194,377,123,72
200,381,123,72
207,385,123,72
214,387,120,71
220,392,118,70
226,394,118,70
232,396,118,70
239,397,115,68
244,398,113,67
248,399,111,66
252,399,111,66
256,399,109,64
259,398,109,64
261,397,109,64
262,396,107,63
262,396,105,62
261,395,105,62
260,394,105,62
259,394,105,62
257,393,105,62
255,394,105,62
252,394,105,62
249,395,105,62
245,396,105,62
242,397,107,63
239,399,109,64
235,400,111,66
230,401,111,66
226,402,113,67
220,402,113,67
214,402,113,67
210,402,115,68
204,401,118,70
199,400,120,71
195,398,123,72
191,394,123,72
189,392,125,74
185,387,125,74
183,382,125,74
181,377,125,74
181,371,128,75
180,365,128,75
180,359,130,77
180,351,130,77
179,345,130,77
179,337,133,78
179,331,133,78
179,323,133,78
180,317,133,78
181,309,133,78
181,304,133,78
182,298,135,80
183,291,138,82
184,286,138,82
187,281,141,83
190,277,144,85
191,273,144,85
194,269,144,85
197,266,147,87
200,263,147,87
201,262,147,87
204,261,147,87
207,260,147,87
211,259,147,87
215,260,147,87
218,261,147,87
222,262,147,87
223,266,144,85
226,270,144,85
226,274,141,83
226,278,138,82
225,283,135,80
224,288,135,80
223,293,133,78
222,299,130,77
222,305,128,75
221,310,125,74
221,315,123,72
221,320,123,72
221,325,120,71
222,330,118,70
223,333,115,68
223,336,113,67
224,340,111,66
225,343,111,66
226,346,109,64
228,347,109,64
230,349,107,63
231,352,105,62
232,353,102,60
232,354,102,60
232,356,102,60
231,357,100,59
231,359,100,59
231,361,100,59
230,364,100,59
229,366,100,59
228,369,102,60
226,373,102,60
225,377,105,62
224,380,105,62
223,384,105,62
222,388,105,62
222,393,107,63
223,397,107,63
222,402,107,63
222,406,109,64
222,409,109,64
221,413,109,64
219,417,109,64
218,421,109,64
217,425,109,64
214,429,109,64
212,433,109,64
210,437,107,63
209,441,107,63
206,444,105,62
203,447,105,62
200,450,105,62
198,453,105,62
196,456,102,60
195,459,102,60
194,462,102,60
193,464,100,59
193,467,100,59
194,469,100,59
195,471,100,59
195,473,100,59
197,475,100,59
198,477,99,58
198,479,99,58
199,481,99,58
198,483,99,58
196,484,99,58
192,486,99,58
187,486,99,58
183,487,99,58
178,487,100,59
174,486,100,59
169,485,100,59
164,483,102,60
157,480,102,60
150,476,105,62
143,471,107,63
138,465,109,64
133,458,109,64
129,450,111,66
124,440,111,66
120,429,113,67
114,416,113,67
108,402,115,68
103,385,115,68
100,369,118,70
97,353,120,71
95,335,120,71
93,319,120,71
91,303,120,71
87,287,120,71
85,269,120,71
83,251,120,71
81,235,120,71
79,220,120,71
77,206,120,71
75,191,120,71
73,179,120,71
72,166,120,71
72,154,120,71
73,143,123,72
74,132,123,72
78,122,123,72
80,112,123,72
85,105,123,72
90,98,123,72
95,91,123,72
101,85,123,72
107,79,123,72
114,74,123,72
121,70,123,72
128,66,123,72
134,64,123,72
142,60,123,72
149,58,120,71
155,56,118,70
161,53,115,68
167,50,115,68
173,48,113,67
179,47,111,66
183,46,109,64
187,44,107,63
190,43,105,62
192,42,105,62
195,42,102,60
198,42,100,59
202,42,100,59
205,43,99,58
208,45,99,58
212,45,99,58
215,47,99,58
219,48,99,58
224,49,99,58
228,51,99,58
232,53,99,58
236,54,99,58
241,56,99,58
245,59,99,58
249,61,99,58
253,63,99,58
257,65,99,58
259,67,99,58
262,69,99,58
265,70,99,58
268,72,99,58
270,74,99,58
272,75,99,58
274,77,97,57
277,77,97,57
279,79,97,57
281,80,97,57
283,81,97,57
284,81,97,57
284,82,97,57
285,83,95,56
285,84,95,56
286,85,95,56
286,86,95,56
287,86,95,56
287,87,95,56
288,88,95,56
288,89,95,56
290,90,95,56
291,91,95,56
292,92,95,56
293,92,95,56
294,93,95,56
295,93,95,56
297,94,95,56
298,94,95,56
299,94,95,56
301,94,95,56
303,94,95,56
304,95,95,56
306,95,93,55
308,94,93,55
310,94,91,54
313,95,91,54
314,95,91,54
315,95,91,54
315,95,89,53
315,95,89,53
315,95,89,53
315,95,89,53
315,95,89,53
317,96,89,53
319,96,89,53
320,97,87,52
321,97,86,51
322,98,86,51
323,100,86,51
324,102,86,51
327,104,86,51
328,107,86,51
328,109,86,51
328,110,84,50
327,111,84,50
328,112,84,50
328,112,84,50
328,113,82,49
328,112,82,49
328,113,82,49
328,113,82,49
328,113,82,49
327,113,82,49
328,112,82,49
328,113,82,49
327,112,81,48
328,112,81,48
327,112,81,48
328,112,81,48
328,112,81,48
327,112,81,48
328,112,81,48
327,112,81,48
328,112,81,48
327,112,81,48
327,111,81,48
327,112,81,48
327,111,81,48
327,111,82,49
327,112,82,49
327,112,82,49
327,111,82,49
327,111,82,49
327,111,82,49
327,111,82,49
327,111,82,49
327,112,82,49
327,111,82,49
327,112,82,49
327,111,82,49
327,112,82,49
327,112,82,49
327,112,82,49
327,112,82,49
327,112,82,49
327,112,82,49
327,112,82,49
327,112,82,49
327,112,82,49
327,112,82,49
327,112,82,49
327,112,82,49
327,112,82,49
327,112,82,49
327,112,82,49
327,112,82,49
327,112,82,49
327,112,82,49
327,112,82,49
327,112,82,49
327,112,82,49
327,112,82,49
327,112,82,49
327,112,82,49
327,112,82,49
327,112,82,49
327,112,82,49
327,112,82,49
327,112,82,49
327,112,82,49
327,112,82,49
327,112,82,49
327,112,82,49
327,112,82,49
327,112,82,49
327,112,82,49
327,112,82,49
327,112,82,49
327,112,82,49
327,112,82,49
327,112,82,49
327,112,82,49
327,112,82,49
327,112,82,49
327,112,82,49
327,112,82,49
327,112,82,49
327,112,82,49
327,112,82,49
327,112,82,49
327,112,82,49
327,112,82,49
327,112,82,49
327,112,82,49
327,112,82,49
327,112,82,49
327,112,82,49
327,112,82,49
327,112,82,49
327,112,82,49
327,112,82,49
327,112,82,49
327,112,82,49
327,112,82,49
327,112,82,49
327,112,82,49
327,112,82,49
327,112,82,49
327,112,82,49
327,112,82,49
327,112,82,49
327,112,82,49
327,112,82,49
327,112,82,49
327,112,82,49
327,112,82,49
327,112,82,49
327,112,82,49
327,112,82,49
327,112,82,49
327,112,82,49
327,112,82,49
327,112,82,49
327,112,82,49
327,112,82,49
327,112,82,49
327,112,82,49
327,112,82,49
327,112,82,49
327,112,82,49
327,112,82,49
327,112,82,49
327,112,82,49
327,112,82,49
327,112,82,49
327,112,82,49
327,112,82,49
327,112,82,49
327,112,82,49
327,112,82,49
327,112,82,49
327,112,82,49
327,112,82,49
327,112,82,49
327,112,82,49
327,112,82,49
327,112,82,49
327,112,82,49
327,112,82,49
327,112,82,49
327,112,82,49
327,112,82,49
327,112,82,49
327,112,82,49
327,112,82,49
327,112,82,49
327,112,82,49
327,112,82,49
327,112,82,49
327,112,82,49
327,112,82,49
327,112,82,49
327,112,82,49
327,112,82,49
327,112,82,49
327,112,82,49
327,112,82,49
327,112,82,49
327,112,82,49
327,112,82,49
327,112,82,49
327,112,82,49
327,112,82,49
327,112,82,49
327,112,82,49
327,112,82,49
327,112,82,49
327,112,82,49
327,112,82,49
327,112,82,49
327,112,82,49
327,112,82,49
327,112,82,49
327,112,82,49
327,112,82,49
327,112,82,49
327,112,82,49
327,112,82,49
327,112,82,49
327,112,82,49
327,112,82,49
327,112,82,49
327,112,82,49
327,112,82,49
327,112,82,49
327,112,82,49
327,112,82,49
327,112,82,49
327,112,82,49
327,112,82,49
327,112,82,49
327,112,82,49
327,112,82,49
327,112,82,49
327,112,82,49
327,112,82,49
327,112,82,49
327,112,82,49
327,112,82,49
327,112,82,49
327,112,82,49
327,112,82,49
327,112,82,49
327,112,82,49
327,112,82,49
327,112,82,49
327,112,82,49
327,112,82,49
327,112,82,49
327,112,82,49
327,112,82,49
327,112,82,49
327,112,82,49
327,112,82,49
327,112,82,49
327,112,82,49
327,112,82,49
327,112,82,49
327,112,82,49
327,112,82,49
327,112,82,49
327,112,82,49
327,112,82,49
327,112,82,49
327,112,82,49
327,112,82,49
327,112,82,49
327,112,82,49
327,112,82,49
327,112,82,49
327,112,82,49
327,112,82,49
327,112,82,49
327,112,82,49
327,112,82,49
327,112,82,49
327,112,82,49
327,112,82,49
327,112,82,49
327,112,82,49
327,112,82,49
327,112,82,49
327,112,82,49
327,112,82,49
327,112,82,49
327,112,82,49
327,112,82,49
327,112,82,49
327,112,82,49
327,112,82,49
327,112,82,49
327,112,82,49
327,112,82,49
327,112,82,49
327,112,82,49
327,112,82,49
327,112,82,49
327,112,82,49
327,112,82,49
327,112,82,49
327,112,82,49
327,112,82,49
327,112,82,49
327,112,82,49
327,112,82,49
327,112,82,49
327,112,82,49
327,112,82,49
327,112,82,49
327,112,82,49
327,112,82,49
327,112,82,49
327,112,82,49
327,112,82,49
327,112,82,49
327,112,82,49
327,112,82,49
327,112,82,49
327,112,82,49
327,112,82,49
327,112,82,49
327,112,82,49
327,112,82,49
327,112,82,49
327,112,82,49
327,112,82,49
327,112,82,49
327,112,82,49
327,112,82,49
327,112,82,49
327,112,82,49
327,112,82,49
327,112,82,49
327,112,82,49
327,112,82,49
327,112,82,49
327,112,82,49
327,112,82,49
327,112,82,49
327,112,82,49
327,112,82,49
327,112,82,49
327,112,82,49
327,112,82,49
327,112,82,49
327,112,82,49
328,112,82,49
327,112,82,49
328,112,82,49
327,112,82,49
328,112,82,49
327,112,82,49
327,112,82,49
327,112,82,49
327,112,82,49
327,112,82,49
327,112,82,49
327,112,82,49
327,112,82,49
327,112,82,49
327,112,82,49
327,112,82,49
327,112,82,49
327,112,82,49
327,112,82,49
327,112,82,49
327,112,82,49
327,112,82,49
327,112,82,49
327,112,82,49
327,112,82,49
327,112,82,49
327,112,82,49
327,112,82,49
327,112,82,49
327,112,82,49
327,112,82,49
327,112,82,49
327,112,82,49
327,112,82,49
327,112,82,49
327,112,82,49
327,112,82,49
327,112,82,49
328,112,82,49
327,112,82,49
328,112,82,49
327,112,82,49
327,112,82,49
327,112,82,49
327,112,82,49
327,112,82,49
327,112,82,49
327,112,82,49
327,112,82,49
327,112,82,49
327,112,82,49
327,112,82,49
327,112,82,49
327,112,82,49
327,112,82,49
327,112,82,49
327,112,82,49
327,112,82,49
327,112,82,49
327,112,82,49
327,112,82,49
327,112,82,49
327,112,82,49
327,112,82,49
327,112,82,49
327,112,82,49
327,112,82,49
327,112,82,49
327,112,82,49
327,112,82,49
327,112,82,49
327,112,82,49
327,112,82,49
327,112,82,49
327,112,82,49
327,112,82,49
327,112,82,49
327,112,82,49
327,112,82,49
327,112,82,49
327,112,82,49
327,112,82,49
327,112,82,49
327,112,82,49
327,112,82,49
327,112,82,49
327,112,82,49
327,112,82,49
327,112,82,49
327,112,82,49
327,112,82,49
327,112,82,49
327,112,82,49
327,112,82,49
327,112,82,49
327,112,82,49
327,112,82,49
327,112,82,49
327,112,82,49
327,112,82,49
327,112,82,49
327,112,82,49
327,112,82,49
327,112,82,49
327,112,82,49
327,112,82,49
327,112,82,49
327,112,82,49
327,112,82,49
327,112,82,49
327,112,82,49
327,112,82,49
327,112,82,49
327,112,82,49
327,112,82,49
327,112,82,49
327,112,82,49
327,112,82,49
327,112,82,49
327,112,82,49
327,112,82,49
327,112,82,49
327,112,82,49
327,112,82,49
327,112,82,49
327,112,82,49
327,112,82,49
327,112,82,49
327,112,82,49
327,112,82,49
327,112,82,49
327,112,82,49
327,112,82,49
327,112,82,49
327,112,82,49
327,112,82,49
327,112,82,49
327,112,82,49
327,112,82,49
327,112,82,49
327,112,82,49
327,112,82,49
327,112,82,49
327,112,82,49
327,112,82,49
327,112,82,49
327,112,82,49
327,112,82,49
327,112,82,49
327,112,82,49
327,112,82,49
327,112,82,49
327,112,82,49
327,112,82,49
327,112,82,49
327,112,82,49
327,112,82,49
327,112,82,49
327,112,82,49
327,112,82,49
327,112,82,49
327,112,82,49
327,112,82,49
327,112,82,49
327,112,82,49
327,112,82,49
327,112,82,49
327,112,82,49
327,112,82,49
327,112,82,49
327,112,82,49
327,112,82,49
327,112,82,49
327,112,82,49
327,112,82,49
327,112,82,49
327,112,82,49
327,112,82,49
327,112,82,49
327,112,82,49
327,112,82,49
327,112,82,49
327,112,82,49
327,112,82,49
327,112,82,49
327,112,82,49
327,112,82,49
327,112,82,49
327,112,82,49
327,112,82,49
327,112,82,49
327,112,82,49
327,112,82,49
327,112,82,49
327,112,82,49
327,112,82,49
327,112,82,49
327,112,82,49
327,112,82,49
327,112,82,49
327,112,82,49
327,112,82,49
327,112,82,49
327,112,82,49
327,112,82,49
327,112,82,49
327,112,82,49
327,112,82,49
327,112,82,49
327,112,82,49
327,112,82,49
327,112,82,49
327,112,82,49
327,112,82,49
327,112,82,49
327,112,82,49
327,112,82,49
327,112,82,49
327,112,82,49
327,112,82,49
327,112,82,49
327,112,82,49
327,112,82,49
327,112,82,49
327,112,82,49
327,112,82,49
327,112,82,49
327,112,82,49
327,112,82,49
327,113,82,49
327,112,82,49
327,113,81,48
327,113,81,48
327,113,81,48
327,113,81,48
327,114,84,50
327,113,82,49
326,115,82,49
327,114,84,50
327,113,84,50
327,112,86,51
326,112,86,51
325,113,86,51
322,115,86,51
327,111,82,49
328,112,81,48
328,113,81,48
328,112,81,48
328,113,82,49
327,113,84,50
327,111,81,48
328,110,84,50
327,112,82,49
327,112,82,49
327,112,82,49
327,112,82,49
327,112,82,49
327,112,82,49
327,112,82,49
327,112,82,49
327,112,82,49
327,112,82,49
327,112,82,49
327,112,82,49
327,112,82,49
327,112,82,49
327,112,82,49
327,112,82,49
327,112,82,49
327,112,82,49
327,112,82,49
327,112,82,49
327,112,82,49
327,112,82,49
327,112,82,49
327,112,82,49
327,112,82,49
327,112,82,49
327,112,82,49
327,112,82,49
327,112,82,49
327,112,82,49
327,112,82,49
327,112,82,49
327,112,82,49
327,112,82,49
327,112,82,49
327,112,82,49
327,112,82,49
327,112,82,49
327,112,82,49
327,112,82,49
327,112,82,49
327,112,82,49
327,112,82,49
327,112,82,49
327,112,82,49
327,112,82,49
327,112,82,49
327,112,82,49
327,112,82,49
327,112,82,49
327,112,82,49
327,112,82,49
327,112,82,49
327,112,82,49
327,112,82,49
327,112,82,49
327,112,82,49
327,112,82,49
327,112,82,49
327,112,82,49
327,112,82,49
327,112,82,49
327,112,82,49
327,112,82,49
327,112,82,49
327,112,82,49
327,112,82,49
327,112,82,49
327,112,82,49
327,112,82,49
327,112,82,49
327,112,82,49
327,112,82,49
327,112,82,49
327,112,82,49
327,112,82,49
327,112,82,49
327,112,82,49
327,112,82,49
327,112,82,49
327,112,82,49
327,112,82,49
327,112,82,49
327,112,82,49
327,112,82,49
327,112,82,49
327,112,82,49
327,112,82,49
327,112,82,49
327,112,82,49
327,112,82,49
327,112,82,49
327,112,82,49
327,112,82,49
327,112,82,49
327,112,82,49
327,112,82,49
327,112,82,49
327,112,82,49
327,112,82,49
327,112,82,49
327,112,82,49
327,112,82,49
327,112,82,49
327,112,82,49
327,112,82,49
327,112,82,49
327,112,82,49
327,112,82,49
327,112,82,49
327,112,82,49
327,112,82,49
327,112,82,49
327,112,82,49
327,112,82,49
327,112,82,49
327,112,82,49
327,112,82,49
327,112,82,49
327,112,82,49
327,112,82,49
327,112,82,49
327,112,82,49
327,112,82,49
327,112,82,49
327,112,82,49
327,112,82,49
327,112,82,49
327,112,82,49
327,112,82,49
327,112,82,49
327,112,82,49
327,112,82,49
327,112,82,49
327,112,82,49
327,112,82,49
327,112,82,49
327,112,82,49
327,112,82,49
327,112,82,49
327,112,82,49
327,112,82,49
327,112,82,49
327,112,82,49
327,112,82,49
327,112,82,49
327,112,82,49
327,112,82,49
327,112,82,49
327,112,82,49
327,112,82,49
327,112,82,49
327,112,82,49
327,112,82,49
327,112,82,49
327,112,82,49
327,112,82,49
327,112,82,49
327,112,82,49
327,112,82,49
327,112,82,49
327,112,82,49
327,112,82,49
327,112,82,49
327,112,82,49
327,112,82,49
327,112,82,49
327,112,82,49
327,112,82,49
327,112,82,49
327,112,82,49
327,112,82,49
327,112,82,49
327,112,82,49
327,112,82,49
327,112,82,49
327,112,82,49
327,112,82,49
327,112,82,49
327,112,82,49
327,112,82,49
327,112,82,49
327,112,82,49
327,112,82,49
327,112,82,49
327,112,82,49
327,112,82,49
327,112,82,49
327,112,82,49
327,112,82,49
327,112,82,49
327,112,82,49
327,112,82,49
327,112,82,49
327,112,82,49
327,112,82,49
327,112,82,49
327,112,82,49
327,112,82,49
327,112,82,49
327,112,82,49
327,112,82,49
327,112,82,49
327,112,82,49
327,112,82,49
327,112,82,49
327,112,82,49
327,112,82,49
327,112,82,49
327,112,82,49
327,112,82,49
327,112,82,49
327,112,82,49
327,112,82,49
327,112,82,49
327,112,82,49
327,112,82,49
327,112,82,49
327,112,82,49
327,112,82,49
327,112,82,49
327,112,82,49
327,112,82,49
327,112,82,49
327,112,82,49
327,112,82,49
327,112,82,49
327,112,82,49
327,112,82,49
327,112,82,49
327,112,82,49
327,112,82,49
327,112,82,49
327,112,82,49
327,112,82,49
327,112,82,49
327,112,82,49
327,112,82,49
327,112,82,49
327,112,82,49
327,112,82,49
327,112,82,49
327,112,82,49
327,112,82,49
327,112,82,49
327,112,82,49
327,112,82,49
327,112,82,49
327,112,82,49
327,112,82,49
327,112,82,49
327,112,82,49
327,112,82,49
327,112,82,49
327,112,82,49
327,112,82,49
327,112,82,49
327,112,82,49
327,112,82,49
327,112,82,49
327,112,82,49
327,112,82,49
327,112,82,49
327,112,82,49
327,112,82,49
327,112,82,49
327,112,82,49
327,112,82,49
327,112,82,49
327,112,82,49
327,112,82,49
327,112,82,49
327,112,82,49
327,112,82,49
327,112,82,49
327,112,82,49
327,112,82,49
327,112,82,49
327,112,82,49
327,112,82,49
327,112,82,49
327,112,82,49
327,112,82,49
327,112,82,49
327,112,82,49
327,112,82,49
327,112,82,49
327,112,82,49
327,112,82,49
327,112,82,49
327,112,82,49
327,112,82,49
327,112,82,49
327,112,82,49
327,112,82,49
327,112,82,49
327,112,82,49
327,112,82,49
327,112,82,49
327,112,82,49
327,112,82,49
327,112,82,49
327,112,82,49
327,112,82,49
327,112,82,49
327,112,82,49
327,112,82,49
327,112,82,49
327,112,82,49
327,112,82,49
327,112,82,49
327,112,82,49
327,112,82,49
327,112,82,49
327,112,82,49
327,112,82,49
327,112,82,49
327,112,82,49
327,112,82,49
327,112,82,49
327,112,82,49
327,112,82,49
327,112,82,49
327,112,82,49
327,112,82,49
327,112,82,49
327,112,82,49
327,112,82,49
327,112,82,49
327,112,82,49
327,112,82,49
327,112,82,49
327,112,82,49
327,112,82,49
327,112,82,49
327,112,82,49
327,112,82,49
327,112,82,49
327,112,82,49
327,112,82,49
327,112,82,49
327,112,82,49
327,112,82,49
327,112,82,49
327,112,82,49
327,112,82,49
327,112,82,49
327,112,82,49
327,112,82,49
327,112,82,49
327,112,82,49
327,112,82,49
327,112,82,49
327,112,82,49
327,112,82,49
327,112,82,49
327,112,82,49
327,112,82,49
327,112,82,49
327,112,82,49
327,112,82,49
327,112,82,49
327,112,82,49
327,112,82,49
327,112,82,49
327,112,82,49
327,112,82,49
327,112,82,49
327,112,82,49
327,112,82,49
327,112,82,49
327,112,82,49
327,112,82,49
327,112,82,49
327,112,82,49
327,112,82,49
327,112,82,49
327,112,82,49
327,112,82,49
327,112,82,49
327,112,82,49
327,112,82,49
327,112,82,49
327,112,82,49
327,112,82,49
327,112,82,49
327,112,82,49
327,112,82,49
327,112,82,49
327,112,82,49
327,112,82,49
327,112,82,49
327,112,82,49
327,112,82,49
327,112,82,49
327,112,82,49
327,112,82,49
327,112,82,49
327,112,82,49
327,112,82,49
327,112,82,49
327,112,82,49
327,112,82,49
327,112,82,49
327,112,82,49
327,112,82,49
327,112,82,49
327,112,82,49
327,112,82,49
327,112,82,49
327,112,82,49
327,112,82,49
327,112,82,49
327,112,82,49
327,112,82,49
327,112,82,49
327,112,82,49
327,112,82,49
327,112,82,49
327,112,82,49
327,112,82,49
327,112,82,49
327,112,82,49
327,112,82,49
327,112,82,49
327,112,82,49
327,112,82,49
327,112,82,49
327,112,82,49
327,112,82,49
327,112,82,49
327,112,82,49
327,112,82,49
327,112,82,49
327,112,82,49
328,112,82,49
328,112,82,49
328,112,82,49
