186,162,73,32
186,163,73,32
186,163,73,32
186,163,73,32
186,164,73,32
186,164,73,32
186,164,73,32
186,164,73,32
186,163,73,32
187,163,73,32
187,163,73,32
187,164,73,32
187,164,73,32
187,164,73,32
187,165,73,32
187,165,73,32
186,165,73,32
186,165,73,32
186,165,73,32
187,165,73,32
187,164,73,32
186,164,73,32
186,164,73,32
186,165,73,32
186,166,73,32
186,166,73,32
187,166,73,32
186,166,73,32
186,166,73,32
186,167,73,32
187,167,73,32
187,167,73,32
187,167,73,32
187,167,73,32
187,166,73,32
187,166,73,32
188,165,73,32
188,165,73,32
189,164,73,32
189,164,73,32
189,163,73,32
189,163,73,32
189,163,73,32
188,163,73,32
188,163,73,32
188,163,73,32
188,163,73,32
188,163,73,32
188,163,73,32
189,162,73,32
189,161,73,32
189,161,73,32
189,160,73,32
189,160,73,32
189,160,73,32
189,161,73,32
189,161,73,32
189,161,73,32
189,161,73,32
189,161,73,32
190,161,73,32
190,161,73,32
190,162,73,32
190,162,73,32
190,163,73,32
190,163,73,32
190,163,73,32
190,163,73,32
190,163,73,32
190,163,73,32
190,163,73,32
190,163,73,32
190,163,73,32
190,163,73,32
190,163,73,32
189,162,73,32
189,162,73,32
189,162,73,32
189,162,73,32
189,162,73,32
189,162,73,32
189,162,73,32
189,162,73,32
189,163,73,32
189,163,73,32
189,164,73,32
189,164,73,32
189,165,73,32
188,165,73,32
189,165,73,32
189,165,73,32
189,165,73,32
190,165,73,32
190,166,73,32
191,166,73,32
191,166,73,32
191,167,73,32
192,167,73,32
192,167,73,32
192,168,73,32
192,168,73,32
192,169,73,32
192,169,73,32
191,169,73,32
191,169,73,32
191,168,73,32
191,168,73,32
191,168,73,32
191,168,73,32
190,168,73,32
191,169,73,32
191,169,73,32
191,169,73,32
191,169,73,32
191,169,73,32
191,170,73,32
191,170,73,32
191,171,73,32
190,171,73,32
190,172,73,32
190,172,73,32
190,171,73,32
190,171,73,32
190,171,73,32
191,171,73,32
190,170,73,32
190,170,73,32
190,170,73,32
189,170,73,32
189,170,73,32
190,170,73,32
190,170,73,32
190,169,73,32
189,169,73,32
189,169,73,32
188,169,73,32
188,169,73,32
188,169,73,32
188,169,73,32
188,169,73,32
188,169,73,32
188,169,73,32
188,169,73,32
188,168,73,32
188,168,73,32
188,168,73,32
187,167,73,32
188,167,73,32
188,166,73,32
188,166,73,32
188,166,73,32
187,166,73,32
187,166,73,32
187,165,73,32
187,165,73,32
187,165,73,32
187,165,73,32
187,165,73,32
187,164,73,32
187,164,73,32
188,163,73,32
188,163,73,32
188,163,73,32
188,162,73,32
188,162,73,32
188,162,73,32
188,162,73,32
188,162,73,32
188,163,73,32
188,163,73,32
188,163,73,32
188,162,73,32
188,162,73,32
188,162,73,32
188,162,73,32
188,162,73,32
188,162,73,32
187,162,73,32
187,162,73,32
187,162,73,32
187,162,73,32
187,161,73,32
187,161,73,32
187,162,73,32
187,163,73,32
187,164,73,32
187,165,73,32
186,166,73,32
186,168,73,32
185,170,73,32
184,173,73,32
184,176,73,32
183,179,73,32
182,182,73,32
181,184,73,32
180,186,73,32
179,188,73,32
179,189,74,32
177,189,74,32
176,188,74,32
175,187,74,32
174,185,74,32
174,183,74,32
174,179,75,33
174,175,75,33
173,171,75,33
173,166,77,33
172,161,77,33
172,156,77,33
171,150,75,33
171,145,75,33
171,140,75,33
172,136,75,33
172,133,75,33
173,130,75,33
174,127,75,33
175,125,75,33
177,124,75,33
179,123,75,33
181,122,75,33
183,121,75,33
184,121,75,33
186,121,75,33
188,121,75,33
190,122,75,33
191,123,74,32
193,124,74,32
195,125,74,32
196,126,74,32
197,128,74,32
197,129,74,32
198,129,74,32
199,129,74,32
199,128,74,32
200,127,74,32
200,125,74,32
200,123,74,32
199,122,74,32
198,121,74,32
199,120,74,32
199,118,74,32
199,116,74,32
199,114,74,32
198,111,74,32
198,108,75,33
197,105,75,33
196,101,75,33
195,98,75,33
195,95,75,33
194,92,75,33
193,89,77,33
192,86,77,33
191,83,79,34
189,80,79,34
188,78,79,34
187,76,80,35
186,74,82,36
184,72,82,36
183,71,82,36
183,70,83,36
183,69,83,36
182,68,83,36
182,68,85,37
182,68,85,37
182,69,85,37
182,71,87,38
181,73,87,38
181,77,88,39
181,81,88,39
181,85,90,39
181,89,90,39
181,93,90,39
181,98,90,39
181,103,90,39
181,108,90,39
182,113,92,40
181,118,92,40
181,123,92,40
181,128,92,40
182,133,92,40
182,137,92,40
182,140,92,40
183,143,90,39
184,145,90,39
185,149,90,39
186,151,90,39
186,153,88,39
187,157,88,39
187,159,88,39
188,161,87,38
188,163,87,38
189,164,87,38
189,165,85,37
190,166,83,36
190,167,83,36
191,167,83,36
192,168,83,36
193,168,82,36
194,168,82,36
195,168,82,36
196,167,80,35
198,166,80,35
199,166,80,35
201,165,80,35
202,164,80,35
203,161,79,34
204,159,79,34
205,156,79,34
206,152,79,34
207,149,79,34
208,146,79,34
208,143,79,34
209,139,77,33
208,137,77,33
207,135,77,33
206,132,77,33
205,128,75,33
205,124,75,33
205,120,75,33
205,116,75,33
204,113,75,33
204,109,75,33
203,105,75,33
202,102,75,33
201,98,75,33
200,95,75,33
199,92,75,33
198,88,75,33
196,85,75,33
194,82,75,33
193,80,75,33
192,78,75,33
191,77,75,33
189,76,75,33
187,76,77,33
186,77,77,33
185,77,79,34
183,78,79,34
182,80,79,34
180,83,79,34
179,85,79,34
178,89,80,35
177,92,80,35
175,96,82,36
174,101,82,36
173,104,82,36
172,111,82,36
171,116,82,36
171,122,82,36
170,129,82,36
170,135,82,36
170,141,83,36
170,147,83,36
170,153,83,36
170,160,83,36
170,166,83,36
170,172,83,36
170,179,83,36
171,186,83,36
171,193,83,36
171,199,83,36
170,206,83,36
170,212,83,36
170,218,83,36
171,224,83,36
172,229,83,36
173,232,83,36
175,235,83,36
176,240,83,36
177,241,82,36
179,243,80,35
180,245,80,35
181,245,80,35
183,245,80,35
184,244,80,35
186,242,80,35
188,240,80,35
189,234,80,35
189,231,80,35
190,225,80,35
191,221,80,35
193,215,80,35
194,209,80,35
195,203,80,35
196,197,79,34
197,192,77,33
198,186,77,33
199,180,77,33
199,174,77,33
199,168,77,33
199,161,77,33
199,154,77,33
199,148,77,33
198,141,77,33
198,135,77,33
197,130,77,33
195,124,77,33
193,119,77,33
190,114,77,33
187,110,77,33
183,106,77,33
180,102,77,33
176,98,77,33
173,96,77,33
169,95,77,33
165,96,77,33
162,98,77,33
158,101,77,33
155,104,77,33
151,108,75,33
148,113,75,33
145,118,75,33
142,124,75,33
139,129,75,33
136,134,75,33
133,139,75,33
131,144,75,33
128,149,75,33
125,153,75,33
122,157,75,33
120,160,77,33
117,163,77,33
114,166,77,33
111,168,77,33
108,170,77,33
105,171,77,33
102,172,79,34
99,172,79,34
96,171,79,34
94,170,79,34
91,169,79,34
89,166,79,34
88,164,79,34
86,161,79,34
86,158,79,34
86,155,79,34
86,152,79,34
87,149,79,34
88,145,79,34
89,142,79,34
91,139,79,34
93,136,79,34
96,133,79,34
99,130,79,34
103,128,79,34
106,125,79,34
110,123,79,34
113,120,79,34
117,118,79,34
121,117,79,34
125,115,79,34
130,114,79,34
134,113,79,34
138,112,79,34
142,111,79,34
146,111,79,34
150,111,79,34
154,111,79,34
160,112,79,34
165,112,79,34
168,113,79,34
171,114,79,34
175,116,79,34
177,117,79,34
179,119,77,33
181,121,77,33
182,122,77,33
184,123,77,33
186,124,77,33
188,125,77,33
190,126,77,33
192,126,77,33
193,127,77,33
194,127,77,33
195,128,77,33
196,128,77,33
197,129,77,33
198,129,77,33
198,128,77,33
198,128,77,33
198,128,77,33
199,128,77,33
200,128,77,33
200,128,77,33
200,128,77,33
199,128,77,33
199,128,77,33
199,128,79,34
198,128,79,34
197,127,79,34
197,126,79,34
197,125,80,35
196,124,80,35
195,123,80,35
194,122,80,35
193,122,82,36
192,122,82,36
191,121,83,36
190,120,83,36
189,119,83,36
188,118,85,37
186,117,85,37
185,116,87,38
183,115,87,38
181,114,88,39
179,114,90,39
177,113,90,39
173,112,90,39
172,111,92,40
167,111,92,40
164,110,92,40
163,111,94,41
160,111,94,41
157,114,94,41
156,115,96,42
155,119,98,43
154,124,98,43
153,129,98,43
153,136,98,43
154,144,98,43
157,151,100,43
160,159,102,44
163,167,102,44
164,175,102,44
165,182,102,44
165,190,102,44
165,196,102,44
168,202,102,44
169,206,100,43
172,207,100,43
173,208,98,43
174,209,98,43
175,210,96,42
179,211,96,42
180,211,96,42
181,211,96,42
182,210,94,41
185,207,94,41
186,206,92,40
189,203,92,40
190,200,90,39
194,196,90,39
196,194,90,39
200,189,90,39
201,187,90,39
205,183,88,39
207,181,87,38
211,177,87,38
210,176,87,38
209,174,87,38
213,170,87,38
215,166,85,37
219,164,85,37
218,164,85,37
218,164,85,37
219,163,85,37
220,161,83,36
221,158,83,36
220,153,83,36
218,148,82,36
217,145,82,36
217,142,82,36
219,140,82,36
220,138,82,36
220,137,82,36
218,135,80,35
218,134,80,35
218,133,80,35
218,134,80,35
218,135,79,34
218,138,79,34
218,140,79,34
218,142,79,34
219,144,79,34
221,146,79,34
223,148,79,34
224,150,79,34
225,152,77,33
226,155,77,33
227,157,77,33
227,160,77,33
227,163,77,33
227,167,77,33
226,170,77,33
225,174,77,33
225,179,77,33
225,183,77,33
225,187,77,33
224,190,77,33
222,193,77,33
220,196,77,33
217,199,77,33
213,201,77,33
210,202,77,33
208,203,77,33
206,203,77,33
205,202,77,33
204,202,79,34
202,201,79,34
200,200,80,35
199,200,80,35
198,199,80,35
197,198,80,35
197,196,82,36
197,193,82,36
197,190,82,36
198,185,82,36
198,182,82,36
199,179,82,36
200,176,82,36
200,171,82,36
202,168,82,36
203,165,82,36
204,163,82,36
206,161,82,36
208,160,82,36
211,160,82,36
213,161,82,36
215,162,82,36
218,163,82,36
221,164,82,36
223,166,82,36
224,167,82,36
225,169,82,36
226,170,82,36
226,172,82,36
226,174,82,36
226,176,82,36
226,178,82,36
227,180,82,36
227,183,82,36
227,186,82,36
227,188,82,36
226,191,82,36
225,193,80,35
224,196,80,35
223,199,80,35
222,203,80,35
221,206,80,35
221,209,80,35
220,212,80,35
219,215,80,35
217,217,80,35
215,220,80,35
213,223,80,35
213,226,80,35
212,229,80,35
211,232,82,36
208,237,82,36
205,239,82,36
204,240,83,36
203,241,83,36
203,242,85,37
203,243,85,37
202,244,85,37
201,245,85,37
200,246,85,37
200,247,85,37
199,249,87,38
198,250,87,38
196,251,88,39
195,252,88,39
194,254,88,39
192,255,88,39
191,256,88,39
190,257,90,39
189,257,90,39
188,258,90,39
187,258,92,40
186,258,94,41
185,257,94,41
184,256,96,42
183,253,96,42
182,250,96,42
181,247,96,42
180,244,96,42
179,241,96,42
178,238,96,42
177,234,96,42
176,230,98,43
173,226,98,43
172,222,98,43
171,217,98,43
171,212,98,43
171,207,98,43
170,200,98,43
170,195,98,43
169,190,98,43
169,185,98,43
169,181,98,43
168,176,98,43
168,171,98,43
167,166,96,42
167,161,96,42
167,156,94,41
167,151,94,41
167,147,94,41
167,144,94,41
167,141,94,41
167,140,92,40
167,137,90,39
168,136,90,39
168,134,88,39
169,133,88,39
170,133,88,39
171,132,87,38
172,132,85,37
174,133,85,37
176,134,85,37
177,134,83,36
179,136,83,36
181,138,83,36
183,140,83,36
186,142,83,36
189,145,83,36
192,148,83,36
195,151,83,36
197,153,83,36
200,156,83,36
202,158,83,36
203,161,83,36
204,164,83,36
205,166,83,36
204,168,83,36
203,171,83,36
201,173,83,36
199,176,83,36
197,178,83,36
194,181,83,36
189,183,83,36
186,185,83,36
181,187,83,36
178,190,83,36
172,192,83,36
167,193,83,36
161,194,83,36
156,195,83,36
151,196,83,36
146,196,83,36
140,197,83,36
135,197,83,36
129,197,83,36
123,196,83,36
117,195,83,36
112,194,83,36
107,192,83,36
102,190,83,36
99,188,83,36
96,185,83,36
93,182,83,36
92,179,83,36
90,174,83,36
90,169,83,36
90,166,83,36
91,161,83,36
92,158,83,36
93,153,83,36
94,148,83,36
96,143,83,36
98,138,83,36
101,135,85,37
105,130,87,38
107,126,87,38
111,124,88,39
116,122,90,39
120,120,90,39
125,119,90,39
131,118,90,39
136,118,92,40
141,118,92,40
146,118,92,40
152,118,94,41
158,118,94,41
164,119,96,42
169,120,96,42
174,121,96,42
179,122,98,43
183,123,98,43
187,126,98,43
191,127,98,43
194,130,98,43
198,133,98,43
201,136,98,43
205,139,98,43
209,142,98,43
213,146,98,43
216,150,98,43
217,153,98,43
220,157,98,43
223,161,98,43
224,164,98,43
225,168,98,43
226,172,98,43
226,176,98,43
226,180,96,42
225,184,94,41
224,188,94,41
223,192,94,41
222,195,94,41
219,198,92,40
218,201,92,40
215,202,90,39
214,206,90,39
210,207,88,39
208,208,88,39
203,209,88,39
199,209,88,39
198,209,88,39
196,209,88,39
194,210,88,39
190,210,88,39
185,210,88,39
180,211,88,39
175,211,88,39
171,211,88,39
167,210,88,39
163,209,88,39
159,207,88,39
157,203,88,39
153,201,88,39
151,197,88,39
149,195,88,39
148,190,88,39
147,188,90,39
148,184,90,39
150,182,90,39
154,180,92,40
158,177,92,40
164,177,92,40
170,176,94,41
176,175,94,41
180,174,96,42
180,173,96,42
177,173,96,42
173,173,96,42
166,173,96,42
159,173,96,42
152,173,96,42
147,173,96,42
143,172,96,42
142,169,98,43
141,166,98,43
144,165,100,43
148,161,102,44
152,158,102,44
158,155,102,44
164,154,104,45
168,151,104,45
171,150,104,45
172,150,104,45
172,150,104,45
171,151,104,45
167,151,104,45
161,151,104,45
155,151,106,46
149,150,106,46
145,149,106,46
141,149,106,46
140,148,106,46
139,147,108,47
139,147,108,47
142,147,108,47
146,147,110,48
152,147,110,48
158,149,110,48
164,152,112,49
169,154,112,49
172,157,112,49
174,160,112,49
172,165,112,49
169,168,115,50
163,171,115,50
157,176,117,51
147,178,117,51
139,181,117,51
131,184,119,52
124,186,119,52
119,186,119,52
116,186,119,52
114,186,122,53
116,184,122,53
119,182,124,54
124,182,127,55
131,182,129,56
138,182,132,57
143,182,132,57
147,184,134,59
149,184,134,59
149,186,134,59
147,188,134,59
143,190,134,59
137,192,137,60
131,194,140,61
125,194,140,61
119,192,140,61
115,190,143,62
115,188,143,62
119,186,145,63
123,184,145,63
131,184,148,65
141,184,151,66
151,184,151,66
159,184,151,66
165,184,151,66
169,186,151,66
169,186,151,66
165,188,151,66
159,190,151,66
151,192,151,66
145,192,154,67
137,192,154,67
129,190,154,67
123,188,158,69
121,184,161,70
119,180,164,72
119,178,164,72
121,176,167,73
126,174,167,73
131,174,171,74
138,174,171,74
143,174,171,74
148,176,171,74
153,178,171,74
155,178,171,74
160,180,171,74
160,182,171,74
162,184,171,74
162,186,171,74
162,191,171,74
160,198,171,74
158,203,171,74
153,210,167,73
151,219,167,73
144,228,164,72
142,237,164,72
137,246,161,70
135,253,161,70
133,260,158,69
133,262,154,67
133,266,151,66
133,268,151,66
135,266,148,65
137,264,145,63
139,260,143,62
143,256,143,62
147,250,140,61
151,244,140,61
153,236,137,60
157,230,134,59
161,223,134,59
163,214,132,57
167,207,132,57
171,200,129,56
176,193,129,56
181,188,129,56
185,183,129,56
189,179,127,55
192,176,124,54
197,173,124,54
200,171,122,53
203,171,122,53
206,171,122,53
208,173,119,52
210,175,117,51
212,178,117,51
212,181,115,50
214,184,115,50
214,186,115,50
212,189,112,49
212,192,112,49
209,195,112,49
207,198,112,49
204,201,112,49
201,204,112,49
198,207,112,49
195,209,112,49
190,209,110,48
187,211,110,48
182,211,110,48
179,209,108,47
175,209,108,47
171,206,108,47
165,205,108,47
162,201,108,47
158,197,108,47
155,193,108,47
152,189,108,47
149,185,108,47
149,181,108,47
149,178,108,47
149,175,106,46
150,172,106,46
151,169,104,45
152,168,104,45
153,167,104,45
154,167,102,44
155,167,100,43
158,167,100,43
159,167,98,43
160,168,96,42
163,169,96,42
164,172,96,42
165,173,94,41
166,176,94,41
167,179,94,41
168,182,92,40
169,186,92,40
170,190,90,39
171,195,90,39
172,200,90,39
172,205,90,39
172,211,90,39
172,217,90,39
172,222,90,39
172,228,88,39
172,234,88,39
172,240,88,39
171,245,88,39
170,250,88,39
169,254,87,38
168,256,87,38
168,257,87,38
167,258,87,38
167,258,87,38
167,257,87,38
167,255,87,38
167,251,87,38
167,247,87,38
167,243,87,38
167,238,87,38
167,233,87,38
166,227,87,38
166,222,87,38
166,216,87,38
166,210,87,38
166,204,87,38
166,198,87,38
167,192,87,38
167,186,87,38
168,181,87,38
169,175,87,38
170,169,87,38
171,163,87,38
172,158,87,38
173,153,87,38
174,148,87,38
176,144,87,38
178,140,87,38
180,136,87,38
181,132,87,38
183,130,87,38
185,128,87,38
187,126,87,38
189,125,87,38
191,124,87,38
193,124,87,38
195,124,87,38
197,125,87,38
198,127,87,38
199,129,87,38
201,131,87,38
202,135,85,37
203,139,85,37
205,143,85,37
206,147,83,36
208,150,83,36
209,156,83,36
211,162,83,36
212,167,83,36
213,172,83,36
213,177,82,36
213,183,82,36
213,188,82,36
213,193,82,36
212,198,80,35
212,202,80,35
211,208,80,35
210,214,80,35
209,218,80,35
209,225,80,35
207,232,80,35
206,238,79,34
204,243,79,34
203,249,79,34
201,254,77,33
199,260,77,33
198,265,77,33
197,269,75,33
195,273,75,33
194,277,75,33
192,280,75,33
190,282,75,33
188,285,75,33
187,287,75,33
185,289,75,33
183,290,75,33
181,290,75,33
179,291,75,33
177,291,75,33
176,290,75,33
174,289,75,33
173,287,75,33
171,285,77,33
170,283,77,33
170,279,79,34
169,276,80,35
169,272,80,35
169,268,80,35
169,264,82,36
169,259,82,36
169,254,82,36
169,251,82,36
169,245,82,36
169,240,82,36
170,235,82,36
170,229,82,36
171,224,82,36
171,218,82,36
171,213,83,36
171,207,83,36
172,201,83,36
172,196,83,36
172,190,83,36
172,185,83,36
172,180,83,36
173,175,83,36
174,172,83,36
175,167,83,36
176,164,83,36
178,161,83,36
179,158,83,36
180,155,83,36
182,152,83,36
184,150,83,36
185,148,83,36
187,147,83,36
189,146,83,36
191,145,83,36
194,145,83,36
196,145,83,36
198,145,83,36
200,146,83,36
202,146,83,36
203,147,82,36
205,150,82,36
206,153,82,36
207,156,82,36
208,161,82,36
208,164,82,36
208,169,82,36
209,174,80,35
209,178,80,35
209,182,80,35
209,186,80,35
208,189,80,35
208,192,80,35
208,195,80,35
207,198,80,35
206,201,80,35
204,204,80,35
202,207,79,34
200,210,79,34
198,212,77,33
196,215,77,33
194,217,77,33
191,220,77,33
188,222,77,33
185,224,77,33
182,226,77,33
178,228,77,33
174,229,77,33
170,230,77,33
165,231,77,33
161,232,77,33
156,232,77,33
151,232,77,33
146,232,79,34
141,231,79,34
136,230,79,34
132,228,79,34
127,227,79,34
122,225,79,34
118,223,79,34
114,220,79,34
110,217,79,34
107,213,79,34
105,208,79,34
103,203,79,34
103,198,80,35
103,192,82,36
104,186,82,36
106,180,82,36
109,174,82,36
112,168,82,36
118,162,83,36
123,156,83,36
129,151,85,37
135,146,85,37
141,141,85,37
147,137,85,37
154,133,87,38
159,131,87,38
165,129,87,38
170,127,87,38
176,126,87,38
181,125,87,38
186,124,87,38
191,125,87,38
195,126,87,38
197,128,87,38
201,130,87,38
203,134,87,38
205,136,87,38
207,140,87,38
209,142,87,38
210,146,87,38
212,148,87,38
213,152,87,38
214,154,87,38
215,158,87,38
216,162,87,38
216,164,87,38
217,168,87,38
218,170,87,38
219,174,88,39
220,176,88,39
221,178,88,39
222,180,88,39
222,182,90,39
222,183,90,39
222,184,90,39
222,184,90,39
221,184,90,39
220,184,90,39
219,184,92,40
216,184,92,40
215,184,94,41
212,184,94,41
209,183,94,41
206,183,96,42
202,183,98,43
198,183,98,43
193,183,98,43
188,184,98,43
183,184,98,43
178,185,98,43
173,186,98,43
168,186,100,43
163,187,100,43
158,188,100,43
154,189,100,43
150,189,100,43
146,190,100,43
143,191,100,43
140,191,100,43
137,192,100,43
137,192,100,43
136,193,100,43
135,193,100,43
135,193,98,43
135,194,98,43
136,194,98,43
137,194,98,43
137,194,96,42
140,193,96,42
141,193,96,42
142,193,96,42
143,192,94,41
144,191,94,41
145,190,92,40
146,189,92,40
149,188,92,40
152,187,92,40
153,186,90,39
155,185,90,39
157,184,90,39
159,183,88,39
163,182,88,39
164,181,88,39
168,181,88,39
169,180,88,39
171,179,88,39
175,178,88,39
176,178,88,39
178,178,88,39
182,178,88,39
183,178,88,39
187,178,88,39
188,178,88,39
190,179,88,39
192,180,88,39
196,181,88,39
197,181,87,38
199,182,87,38
200,183,87,38
201,184,87,38
202,185,87,38
202,186,87,38
202,187,87,38
202,188,87,38
202,189,87,38
201,190,87,38
200,192,88,39
200,194,88,39
199,196,88,39
198,200,90,39
197,202,90,39
195,206,90,39
193,208,90,39
192,212,90,39
190,214,90,39
188,218,90,39
186,222,90,39
184,224,90,39
183,228,90,39
182,232,90,39
182,234,90,39
181,238,90,39
179,240,90,39
178,244,90,39
178,246,90,39
179,250,90,39
179,254,90,39
178,255,90,39
178,257,90,39
178,259,90,39
177,261,90,39
177,263,90,39
176,265,90,39
175,265,90,39
175,265,88,39
176,264,88,39
176,263,88,39
176,262,88,39
176,260,88,39
177,258,88,39
177,256,87,38
177,254,87,38
177,252,87,38
177,250,87,38
177,248,87,38
177,247,87,38
179,242,87,38
180,240,87,38
180,236,87,38
182,232,87,38
183,230,87,38
184,225,87,38
185,221,87,38
186,217,85,37
186,213,85,37
187,208,85,37
188,204,85,37
188,200,85,37
188,198,85,37
189,194,83,36
189,193,83,36
191,190,83,36
192,187,83,36
192,184,83,36
192,182,85,37
192,180,85,37
193,176,85,37
193,174,85,37
192,172,85,37
192,168,85,37
192,164,85,37
191,163,85,37
191,161,85,37
191,159,85,37
192,157,85,37
192,156,85,37
191,155,87,38
191,154,87,38
191,153,87,38
191,152,87,38
191,151,87,38
191,150,88,39
191,148,88,39
191,148,90,39
190,148,90,39
190,148,90,39
189,149,90,39
188,151,90,39
187,155,90,39
187,157,92,40
186,161,92,40
185,164,92,40
185,168,92,40
185,173,92,40
185,179,92,40
185,184,92,40
184,189,92,40
181,194,92,40
181,199,94,41
180,203,96,42
179,207,96,42
178,212,96,42
177,217,96,42
176,222,96,42
175,227,96,42
174,232,96,42
174,237,96,42
173,242,96,42
172,247,96,42
172,252,98,43
171,257,100,43
171,261,100,43
172,265,100,43
172,269,100,43
172,272,100,43
172,275,100,43
173,278,100,43
173,281,100,43
173,282,100,43
172,283,100,43
171,284,100,43
170,284,100,43
166,283,100,43
165,282,102,44
161,278,102,44
160,275,102,44
159,269,104,45
158,263,104,45
158,259,106,46
158,253,106,46
157,247,106,46
157,241,106,46
157,235,106,46
157,229,106,46
157,222,106,46
157,215,106,46
158,209,106,46
158,202,106,46
158,195,106,46
159,189,106,46
160,183,106,46
160,177,106,46
161,171,106,46
162,165,106,46
163,159,106,46
164,155,106,46
165,149,106,46
166,145,104,45
167,141,104,45
167,137,102,44
167,131,102,44
167,128,102,44
168,125,102,44
169,124,102,44
169,121,100,43
170,120,98,43
171,121,96,42
174,122,96,42
174,123,94,41
175,126,94,41
178,129,94,41
178,132,92,40
179,135,92,40
180,136,90,39
184,138,90,39
185,139,90,39
189,139,90,39
190,139,88,39
192,138,88,39
193,136,88,39
194,132,88,39
196,130,88,39
197,126,88,39
198,124,88,39
198,120,88,39
198,119,88,39
198,118,88,39
198,118,88,39
198,118,87,38
199,119,87,38
199,120,87,38
200,122,87,38
200,124,85,37
202,128,85,37
204,133,85,37
205,137,85,37
207,143,85,37
209,148,85,37
210,154,85,37
212,160,85,37
213,165,85,37
214,171,85,37
215,177,85,37
215,183,83,36
216,189,83,36
216,194,83,36
215,200,83,36
214,206,83,36
213,211,83,36
211,216,83,36
210,222,83,36
208,227,83,36
206,232,83,36
203,237,83,36
200,242,83,36
197,247,83,36
194,250,83,36
192,256,83,36
189,259,83,36
186,264,83,36
183,267,83,36
180,269,83,36
177,271,83,36
174,271,83,36
172,271,83,36
169,270,83,36
167,268,85,37
163,266,87,38
162,262,87,38
160,258,87,38
158,256,88,39
157,251,88,39
157,246,88,39
157,241,88,39
157,236,88,39
158,230,88,39
159,224,88,39
160,218,88,39
162,212,88,39
164,206,88,39
166,201,88,39
170,197,88,39
172,193,88,39
176,191,88,39
178,189,88,39
183,188,88,39
187,188,88,39
189,188,88,39
194,189,88,39
198,190,88,39
200,192,88,39
205,194,88,39
207,198,88,39
209,200,88,39
211,204,88,39
213,208,88,39
214,210,88,39
214,214,88,39
213,215,88,39
212,217,88,39
210,218,88,39
206,219,88,39
202,220,88,39
198,221,88,39
194,221,88,39
189,221,88,39
184,221,88,39
179,221,88,39
174,221,88,39
168,221,90,39
163,221,90,39
158,220,90,39
153,220,92,40
148,219,92,40
144,218,92,40
140,215,92,40
136,214,94,41
133,211,96,42
129,208,96,42
126,205,96,42
123,200,98,43
120,195,98,43
119,188,100,43
118,183,102,44
115,177,102,44
115,171,104,45
115,165,106,46
115,158,108,47
114,152,108,47
114,145,108,47
115,139,108,47
116,133,110,48
119,125,112,49
121,120,112,49
123,114,115,50
125,108,115,50
127,102,117,51
129,97,117,51
132,92,117,51
137,87,117,51
140,84,117,51
145,82,117,51
148,80,117,51
151,82,117,51
156,82,117,51
159,85,117,51
164,88,117,51
167,93,115,50
172,99,115,50
177,107,115,50
180,115,115,50
183,123,115,50
188,132,115,50
191,143,112,49
194,154,112,49
196,163,110,48
198,174,110,48
200,185,110,48
200,194,108,47
201,206,108,47
204,216,108,47
205,226,108,47
206,236,108,47
207,245,106,46
208,252,106,46
208,258,106,46
208,262,104,45
208,263,104,45
207,263,104,45
207,262,104,45
206,259,104,45
205,255,104,45
205,251,104,45
204,245,104,45
203,238,102,44
202,232,102,44
199,225,100,43
199,217,98,43
198,210,96,42
198,203,96,42
198,196,96,42
197,189,96,42
197,182,96,42
198,177,96,42
199,172,94,41
202,168,94,41
203,164,92,40
207,161,92,40
211,160,92,40
215,159,90,39
220,159,90,39
225,161,90,39
230,163,90,39
234,168,90,39
238,172,88,39
242,177,88,39
246,183,88,39
248,188,87,38
250,194,87,38
251,200,87,38
251,206,87,38
251,213,87,38
249,219,87,38
247,226,87,38
243,232,87,38
241,238,87,38
239,243,87,38
235,248,87,38
233,253,87,38
228,257,87,38
224,259,87,38
222,261,87,38
217,265,87,38
213,266,87,38
209,267,87,38
205,268,87,38
201,268,87,38
197,268,87,38
195,268,88,39
191,267,88,39
187,267,88,39
183,267,88,39
181,267,90,39
177,267,92,40
173,266,92,40
169,265,92,40
166,262,92,40
163,261,94,41
160,257,96,42
157,254,96,42
154,250,96,42
153,246,96,42
150,242,96,42
149,238,96,42
146,233,96,42
145,228,98,43
144,223,98,43
143,218,98,43
143,213,98,43
143,208,98,43
142,203,98,43
143,199,98,43
144,195,98,43
145,190,98,43
148,186,98,43
151,182,98,43
154,179,96,42
158,178,96,42
162,175,96,42
166,175,96,42
170,174,96,42
174,173,94,41
177,173,94,41
181,172,94,41
184,171,94,41
187,171,94,41
188,170,92,40
191,170,92,40
194,170,92,40
195,170,92,40
198,170,90,39
200,170,90,39
202,171,90,39
207,171,90,39
209,172,88,39
214,173,88,39
219,175,88,39
223,177,88,39
228,182,88,39
230,184,88,39
234,188,88,39
236,192,88,39
238,196,88,39
239,200,88,39
239,204,88,39
239,209,88,39
238,214,88,39
236,218,88,39
232,222,88,39
228,224,88,39
222,226,88,39
216,228,88,39
209,228,88,39
200,228,88,39
193,227,88,39
186,225,88,39
179,221,88,39
172,217,88,39
166,212,88,39
161,207,88,39
156,202,88,39
152,197,88,39
151,191,88,39
149,185,88,39
148,176,88,39
148,170,88,39
149,161,88,39
150,154,88,39
152,147,88,39
154,140,88,39
158,134,90,39
160,128,90,39
164,123,90,39
166,119,90,39
170,117,90,39
172,115,90,39
176,114,90,39
178,113,90,39
182,113,90,39
183,113,90,39
187,114,90,39
188,115,90,39
190,119,90,39
192,121,90,39
193,123,88,39
194,128,88,39
196,133,88,39
197,138,88,39
198,143,88,39
199,148,88,39
200,153,88,39
201,158,88,39
202,163,88,39
202,168,88,39
202,174,88,39
204,180,88,39
205,187,88,39
206,193,88,39
207,200,88,39
209,207,88,39
210,214,88,39
210,220,88,39
209,226,88,39
209,231,88,39
208,237,88,39
208,242,88,39
207,246,88,39
205,250,88,39
203,254,88,39
203,255,88,39
202,257,88,39
201,258,88,39
199,259,88,39
198,260,88,39
197,261,88,39
196,262,88,39
195,263,88,39
194,263,90,39
192,263,90,39
191,263,92,40
190,262,92,40
187,261,92,40
186,260,92,40
183,260,92,40
183,260,94,41
183,260,96,42
182,259,96,42
181,258,96,42
180,257,96,42
179,254,98,43
176,251,98,43
176,248,98,43
175,245,98,43
174,242,98,43
174,238,100,43
173,234,100,43
173,230,102,44
172,227,102,44
171,223,102,44
171,219,102,44
170,215,102,44
170,211,104,45
171,205,104,45
171,201,104,45
171,197,104,45
172,191,104,45
172,187,104,45
173,183,104,45
174,179,104,45
175,173,104,45
176,169,104,45
177,166,104,45
178,163,104,45
179,160,104,45
180,157,104,45
181,156,104,45
182,153,102,44
185,152,102,44
186,149,100,43
190,148,100,43
193,147,100,43
197,146,98,43
201,147,98,43
206,147,98,43
210,148,96,42
214,151,96,42
218,154,96,42
221,157,96,42
224,160,96,42
225,164,94,41
226,167,94,41
227,171,92,40
226,175,90,39
225,179,90,39
224,183,90,39
222,188,90,39
220,192,90,39
216,197,90,39
211,202,90,39
206,206,90,39
202,210,90,39
198,212,90,39
193,216,90,39
189,217,90,39
185,217,90,39
181,218,90,39
177,218,90,39
173,217,90,39
169,216,90,39
167,215,90,39
165,211,90,39
161,209,90,39
161,204,90,39
161,199,90,39
161,193,90,39
162,186,90,39
162,177,90,39
162,170,92,40
162,161,92,40
162,153,92,40
162,145,92,40
162,137,92,40
162,129,94,41
162,121,94,41
162,115,96,42
162,108,98,43
161,103,98,43
160,98,100,43
159,94,100,43
158,91,100,43
157,88,102,44
154,87,102,44
153,87,102,44
150,88,102,44
150,91,104,45
150,95,106,46
149,99,106,46
148,106,106,46
148,113,108,47
147,120,108,47
147,130,108,47
148,139,108,47
149,149,108,47
152,161,108,47
153,171,108,47
154,183,110,48
159,194,112,49
161,205,112,49
163,213,112,49
166,219,112,49
169,224,112,49
174,226,112,49
177,226,112,49
180,226,112,49
183,223,112,49
186,220,115,50
189,215,115,50
191,210,115,50
191,205,117,51
191,200,117,51
189,194,117,51
189,188,119,52
187,181,119,52
184,174,119,52
182,169,119,52
179,162,122,53
177,157,122,53
174,154,122,53
169,151,124,54
166,149,124,54
161,147,127,55
156,147,129,56
152,147,129,56
148,147,132,57
146,147,134,59
142,147,137,60
140,149,137,60
138,149,140,61
134,149,143,62
132,151,143,62
130,153,145,63
128,157,145,63
126,161,145,63
124,165,145,63
124,169,148,65
124,175,148,65
124,181,148,65
124,187,148,65
124,193,148,65
126,199,148,65
128,207,148,65
130,215,148,65
132,221,148,65
134,229,148,65
136,237,148,65
140,243,145,63
142,249,145,63
146,253,145,63
150,257,145,63
154,259,145,63
158,259,143,62
162,259,140,61
164,257,140,61
168,255,137,60
170,251,137,60
174,247,137,60
176,241,137,60
178,233,134,59
180,226,134,59
180,219,134,59
182,210,132,57
184,203,132,57
184,196,132,57
186,187,129,56
188,180,129,56
188,173,127,55
188,166,124,54
190,159,124,54
190,154,124,54
190,147,122,53
190,140,119,52
190,137,119,52
190,132,119,52
188,129,117,51
188,126,115,50
188,124,112,49
188,124,112,49
188,124,110,48
188,126,110,48
188,128,110,48
188,130,110,48
190,133,108,47
190,137,108,47
190,141,106,46
190,147,106,46
190,151,104,45
190,158,104,45
190,164,104,45
190,170,104,45
189,176,104,45
188,182,104,45
187,188,104,45
186,194,104,45
185,198,102,44
182,205,102,44
182,211,102,44
181,217,102,44
178,221,102,44
177,227,102,44
176,230,102,44
175,233,102,44
172,234,100,43
172,237,100,43
171,238,100,43
168,238,100,43
167,238,100,43
166,238,100,43
163,237,100,43
162,236,100,43
161,235,100,43
160,232,100,43
157,229,100,43
156,225,100,43
155,221,100,43
154,217,100,43
153,213,100,43
150,208,100,43
150,203,100,43
149,196,100,43
149,191,100,43
149,184,100,43
149,179,100,43
150,172,100,43
151,167,100,43
152,162,100,43
153,155,98,43
154,150,98,43
155,145,98,43
156,140,96,42
160,135,96,42
161,131,96,42
162,126,96,42
165,122,96,42
166,119,96,42
169,116,96,42
172,115,96,42
173,114,96,42
176,114,96,42
179,114,96,42
182,115,96,42
185,116,96,42
186,119,96,42
189,122,96,42
190,126,96,42
193,130,94,41
194,134,94,41
195,139,94,41
196,143,94,41
197,148,94,41
197,153,94,41
198,158,94,41
198,163,94,41
198,169,94,41
198,175,94,41
197,181,94,41
197,189,94,41
196,194,92,40
195,200,92,40
194,206,90,39
194,212,90,39
193,218,90,39
192,224,90,39
192,230,90,39
191,236,90,39
191,242,90,39
190,247,90,39
189,252,90,39
188,256,90,39
187,260,90,39
186,264,92,40
183,265,92,40
182,268,92,40
179,269,92,40
178,270,94,41
175,270,94,41
172,270,94,41
171,269,94,41
168,268,96,42
165,264,96,42
164,261,96,42
161,258,98,43
160,255,98,43
159,251,98,43
158,246,98,43
157,241,98,43
156,236,98,43
155,229,98,43
154,222,98,43
153,217,98,43
152,209,98,43
151,204,98,43
151,197,98,43
152,190,98,43
152,185,98,43
153,178,98,43
154,173,98,43
157,168,98,43
158,163,96,42
161,158,96,42
164,153,96,42
165,149,96,42
168,145,96,42
171,144,96,42
172,141,94,41
175,140,94,41
178,140,94,41
179,140,94,41
182,141,94,41
183,142,94,41
184,145,94,41
187,146,94,41
187,149,94,41
188,152,94,41
188,155,94,41
188,156,92,40
187,159,92,40
187,162,92,40
186,163,92,40
185,167,92,40
182,171,90,39
181,176,90,39
179,181,90,39
177,186,90,39
175,191,90,39
170,196,90,39
166,200,90,39
162,205,90,39
158,209,90,39
153,214,90,39
148,218,90,39
144,223,90,39
139,227,90,39
134,231,90,39
129,233,90,39
124,237,90,39
118,239,90,39
113,243,90,39
108,244,90,39
102,246,90,39
96,247,90,39
91,247,90,39
86,246,90,39
82,245,90,39
78,243,90,39
77,239,90,39
75,237,90,39
75,233,92,40
75,229,92,40
76,224,92,40
77,218,92,40
81,212,92,40
84,206,92,40
88,200,92,40
92,192,94,41
97,186,96,42
101,178,96,42
106,171,96,42
111,166,96,42
115,161,96,42
120,156,98,43
124,151,98,43
129,146,98,43
134,141,98,43
139,137,98,43
144,133,98,43
151,129,98,43
156,125,98,43
163,121,98,43
168,117,98,43
173,114,98,43
180,111,98,43
185,110,98,43
190,109,98,43
194,108,98,43
199,109,98,43
203,110,96,42
208,114,96,42
211,118,96,42
212,122,96,42
215,126,96,42
215,131,96,42
216,136,96,42
216,141,96,42
217,146,96,42
217,151,96,42
217,155,96,42
217,160,96,42
217,164,94,41
216,169,94,41
215,173,94,41
214,178,94,41
213,183,94,41
210,187,92,40
209,192,92,40
206,196,90,39
205,198,90,39
204,202,90,39
202,206,90,39
201,207,90,39
199,209,90,39
198,211,90,39
196,213,90,39
194,213,90,39
192,213,92,40
188,213,92,40
187,210,92,40
186,209,94,41
185,205,94,41
184,201,94,41
181,197,94,41
180,192,94,41
179,187,94,41
178,181,94,41
177,175,94,41
176,169,94,41
176,161,94,41
176,155,94,41
176,149,94,41
177,143,94,41
177,137,94,41
178,131,94,41
179,126,94,41
179,122,94,41
180,118,94,41
181,114,94,41
182,110,94,41
183,107,94,41
184,104,94,41
185,101,94,41
188,98,94,41
189,95,94,41
192,94,94,41
193,93,94,41
194,92,94,41
197,91,94,41
198,90,92,40
199,90,92,40
200,91,92,40
203,91,92,40
203,92,92,40
204,95,92,40
205,98,92,40
206,101,92,40
207,104,92,40
208,108,92,40
209,113,92,40
210,118,92,40
211,124,92,40
211,130,90,39
212,136,90,39
212,142,90,39
212,148,90,39
211,154,90,39
211,160,90,39
210,166,90,39
210,172,90,39
210,179,90,39
210,186,90,39
210,192,90,39
210,198,90,39
210,205,90,39
210,212,90,39
211,218,90,39
211,223,90,39
211,228,90,39
211,234,90,39
210,239,90,39
210,244,90,39
209,250,90,39
207,255,90,39
205,261,90,39
201,267,90,39
200,272,90,39
196,277,90,39
194,282,90,39
190,286,90,39
188,290,90,39
184,292,90,39
182,294,90,39
178,296,90,39
176,297,92,40
172,297,92,40
169,296,92,40
166,296,92,40
165,295,92,40
162,292,92,40
161,289,92,40
158,286,94,41
158,283,96,42
155,279,96,42
154,275,96,42
153,271,96,42
152,266,96,42
151,261,96,42
150,256,96,42
150,249,96,42
150,242,96,42
150,235,96,42
151,228,96,42
154,220,98,43
155,211,98,43
156,202,98,43
159,193,98,43
162,185,98,43
165,177,98,43
168,169,98,43
171,161,98,43
174,154,96,42
178,147,94,41
182,142,94,41
186,137,94,41
191,134,94,41
195,131,94,41
199,130,94,41
203,129,94,41
206,130,94,41
209,133,94,41
212,137,92,40
215,143,92,40
216,149,92,40
217,157,92,40
218,165,92,40
218,173,92,40
217,182,92,40
216,191,92,40
213,200,92,40
210,209,92,40
209,219,92,40
205,230,92,40
202,240,92,40
199,250,92,40
196,260,92,40
193,270,92,40
192,280,92,40
189,289,92,40
188,298,92,40
187,307,94,41
186,315,96,42
185,322,96,42
184,330,96,42
184,338,96,42
184,346,96,42
183,353,96,42
182,358,98,43
181,365,98,43
181,370,98,43
180,375,98,43
180,380,100,43
179,383,100,43
178,384,100,43
177,385,100,43
176,385,102,44
175,384,102,44
174,381,102,44
174,378,102,44
173,375,102,44
173,371,102,44
173,365,102,44
173,359,104,45
173,352,104,45
173,345,104,45
174,336,104,45
174,329,104,45
175,319,104,45
176,310,104,45
177,301,106,46
177,292,106,46
178,283,106,46
178,274,106,46
179,265,106,46
180,256,106,46
180,247,106,46
181,238,106,46
182,229,106,46
183,222,106,46
184,215,106,46
185,208,104,45
186,202,104,45
187,196,102,44
188,190,102,44
191,184,102,44
194,178,102,44
197,174,102,44
200,170,102,44
203,166,100,43
207,162,100,43
211,158,100,43
216,155,100,43
221,154,98,43
226,151,96,42
233,152,96,42
237,151,98,43
242,152,96,42
247,155,96,42
251,159,96,42
255,163,96,42
258,168,96,42
259,175,96,42
262,180,96,42
262,188,96,42
263,195,96,42
263,203,96,42
262,211,96,42
261,219,96,42
258,228,96,42
257,237,96,42
254,245,96,42
251,252,96,42
248,259,96,42
245,266,96,42
242,270,96,42
238,274,96,42
235,277,96,42
232,280,98,43
228,281,98,43
224,281,98,43
221,281,98,43
217,280,100,43
216,277,102,44
212,274,102,44
208,270,102,44
205,266,102,44
202,260,102,44
199,254,102,44
196,248,102,44
195,242,102,44
192,235,102,44
192,229,102,44
191,222,102,44
190,216,102,44
190,210,104,45
190,203,104,45
190,196,104,45
190,190,104,45
191,184,104,45
192,177,104,45
193,171,104,45
194,165,104,45
195,161,104,45
196,155,104,45
197,152,104,45
198,149,104,45
198,146,102,44
198,143,102,44
198,140,100,43
199,139,100,43
199,136,100,43
199,135,100,43
200,134,100,43
200,134,100,43
201,134,100,43
201,135,100,43
202,136,100,43
202,137,100,43
202,138,100,43
202,141,100,43
202,142,100,43
202,145,100,43
201,146,100,43
201,149,100,43
200,152,100,43
199,155,100,43
199,156,100,43
198,159,100,43
198,162,100,43
198,166,100,43
197,169,100,43
197,170,100,43
196,174,100,43
196,178,100,43
196,182,100,43
196,186,100,43
196,190,100,43
196,194,100,43
197,198,100,43
197,202,100,43
197,206,100,43
198,210,100,43
198,213,100,43
199,217,100,43
199,220,100,43
199,223,100,43
198,224,100,43
198,225,100,43
197,226,100,43
197,227,100,43
196,227,100,43
195,226,100,43
195,225,100,43
194,224,100,43
193,221,100,43
192,220,100,43
192,217,100,43
191,214,100,43
190,211,100,43
189,208,100,43
189,205,100,43
188,202,100,43
188,198,100,43
187,195,100,43
187,191,100,43
187,187,100,43
187,183,100,43
186,179,100,43
186,176,100,43
185,173,98,43
184,172,98,43
183,169,98,43
183,166,98,43
182,165,98,43
182,162,98,43
181,161,98,43
180,160,98,43
180,157,98,43
179,157,98,43
178,156,98,43
178,156,98,43
177,156,98,43
177,155,98,43
177,155,98,43
176,155,98,43
176,156,98,43
176,156,98,43
176,156,98,43
176,157,98,43
176,158,98,43
176,159,98,43
176,160,98,43
175,161,98,43
175,164,98,43
175,165,98,43
175,166,98,43
175,169,98,43
175,170,98,43
175,173,98,43
175,174,98,43
175,177,98,43
175,178,98,43
175,181,98,43
176,182,98,43
176,185,98,43
177,186,98,43
177,189,98,43
177,192,98,43
177,193,98,43
178,196,98,43
178,197,98,43
178,200,98,43
178,201,98,43
178,202,98,43
178,203,96,42
179,204,96,42
179,205,96,42
180,206,96,42
180,207,96,42
180,208,96,42
181,208,96,42
181,208,96,42
181,208,96,42
181,208,96,42
181,207,96,42
181,206,98,43
180,206,98,43
180,206,98,43
179,206,98,43
178,206,98,43
177,206,98,43
176,206,98,43
175,206,98,43
174,206,98,43
173,205,98,43
172,204,98,43
171,204,98,43
171,203,98,43
170,202,98,43
169,199,98,43
169,198,98,43
169,197,98,43
169,197,100,43
170,196,100,43
170,193,100,43
170,193,100,43
170,192,100,43
171,189,100,43
171,188,100,43
171,185,100,43
171,184,100,43
171,181,100,43
170,180,100,43
169,179,100,43
168,176,100,43
167,176,100,43
166,175,102,44
163,174,102,44
162,171,102,44
159,170,102,44
158,166,102,44
155,163,102,44
155,162,102,44
154,158,102,44
153,155,102,44
152,152,102,44
152,149,102,44
152,148,102,44
153,147,102,44
154,146,102,44
157,146,102,44
158,146,102,44
161,146,100,43
164,147,100,43
167,148,100,43
168,151,100,43
171,154,100,43
172,157,100,43
175,160,100,43
175,163,100,43
176,167,100,43
176,170,100,43
176,173,100,43
177,177,100,43
178,181,98,43
179,184,98,43
182,187,98,43
182,190,98,43
183,191,98,43
184,194,98,43
185,195,98,43
188,196,98,43
188,197,98,43
191,197,100,43
191,197,100,43
191,197,100,43
192,196,98,43
192,196,98,43
192,195,98,43
192,194,98,43
191,193,98,43
191,192,98,43
191,191,98,43
190,190,98,43
189,189,98,43
188,188,98,43
187,187,98,43
186,186,98,43
185,185,98,43
184,185,98,43
183,184,98,43
182,184,98,43
181,183,98,43
180,182,98,43
179,181,98,43
178,180,98,43
177,179,98,43
176,178,98,43
176,177,98,43
175,174,98,43
175,173,98,43
175,172,98,43
175,171,98,43
175,170,98,43
174,170,98,43
173,169,98,43
172,169,98,43
172,168,98,43
171,168,98,43
170,168,98,43
169,169,98,43
168,169,98,43
167,169,98,43
166,170,98,43
165,171,98,43
164,171,98,43
161,172,98,43
160,172,98,43
159,172,98,43
158,172,98,43
157,172,98,43
156,172,98,43
156,172,98,43
155,172,98,43
155,172,98,43
155,171,98,43
156,171,98,43
156,171,98,43
157,172,98,43
158,173,98,43
161,174,98,43
162,174,98,43
163,175,98,43
166,178,98,43
169,179,98,43
170,182,98,43
174,185,98,43
177,188,98,43
178,191,98,43
181,194,100,43
184,195,100,43
185,198,100,43
188,201,100,43
189,204,100,43
190,205,100,43
191,209,100,43
191,212,100,43
191,213,100,43
191,214,100,43
191,215,100,43
191,215,100,43
191,215,100,43
192,214,100,43
192,211,100,43
193,210,100,43
194,207,100,43
195,203,100,43
196,199,98,43
196,195,98,43
197,190,98,43
198,186,98,43
199,181,98,43
200,176,96,42
201,171,96,42
201,166,96,42
202,161,96,42
202,156,96,42
202,151,96,42
203,146,96,42
203,141,96,42
203,136,96,42
203,132,96,42
203,128,98,43
202,124,98,43
202,121,98,43
201,118,98,43
200,115,98,43
200,112,98,43
199,111,98,43
198,110,98,43
197,109,98,43
196,109,98,43
195,109,98,43
194,110,98,43
193,111,98,43
192,114,98,43
191,115,98,43
190,118,98,43
189,121,98,43
189,124,98,43
188,127,96,42
188,131,96,42
188,136,96,42
188,140,98,43
187,145,98,43
186,150,98,43
186,155,98,43
186,162,98,43
185,167,98,43
184,174,98,43
183,179,98,43
182,186,98,43
181,191,98,43
178,196,98,43
177,200,100,43
176,203,102,44
173,206,102,44
172,209,102,44
169,210,102,44
168,211,102,44
167,212,102,44
166,212,102,44
166,211,102,44
166,210,104,45
166,206,104,45
166,202,104,45
167,198,104,45
168,192,104,45
169,188,104,45
170,184,104,45
171,178,104,45
172,172,104,45
173,168,104,45
174,162,104,45
177,156,104,45
178,152,104,45
179,148,104,45
180,144,104,45
181,140,102,44
182,137,102,44
182,134,102,44
183,131,100,43
186,130,100,43
186,127,100,43
187,126,100,43
190,125,100,43
191,125,100,43
192,125,100,43
193,126,100,43
194,127,100,43
194,128,100,43
194,131,100,43
193,134,100,43
192,137,100,43
191,141,100,43
188,145,98,43
184,150,96,42
181,155,96,42
178,162,96,42
175,166,96,42
171,171,96,42
167,176,96,42
163,181,96,42
159,188,96,42
155,193,96,42
152,200,96,42
148,205,96,42
144,210,96,42
140,217,96,42
136,222,96,42
132,227,96,42
128,231,96,42
124,235,96,42
120,238,96,42
117,241,96,42
114,242,96,42
113,242,98,43
110,242,98,43
109,239,98,43
108,236,98,43
108,233,98,43
108,229,98,43
108,225,98,43
109,220,98,43
112,215,100,43
115,208,100,43
118,201,102,44
121,195,102,44
125,188,102,44
128,181,102,44
132,174,102,44
136,167,102,44
140,159,102,44
146,151,104,45
150,144,104,45
154,137,104,45
158,130,104,45
162,123,104,45
166,117,104,45
170,113,104,45
174,107,104,45
178,103,104,45
182,99,104,45
186,95,104,45
190,92,104,45
194,91,102,44
197,90,102,44
198,89,102,44
199,89,100,43
202,90,100,43
202,91,100,43
202,92,100,43
201,95,100,43
200,96,100,43
199,99,100,43
196,99,100,43
195,100,100,43
191,100,100,43
187,100,100,43
183,100,100,43
179,100,100,43
175,99,100,43
171,99,100,43
167,98,100,43
163,95,100,43
162,92,100,43
159,89,100,43
158,86,100,43
158,83,100,43
159,80,100,43
163,77,100,43
167,77,100,43
172,76,100,43
177,76,100,43
184,77,100,43
189,78,100,43
196,82,100,43
201,86,100,43
208,91,102,44
212,98,102,44
218,105,102,44
221,112,102,44
224,122,102,44
227,130,102,44
228,140,102,44
228,148,102,44
228,159,102,44
228,169,102,44
227,179,102,44
226,187,102,44
223,195,102,44
220,205,102,44
219,213,102,44
215,220,102,44
211,227,102,44
208,234,102,44
204,241,104,45
201,247,104,45
197,253,104,45
193,257,104,45
189,261,106,46
185,265,108,47
181,269,110,48
176,272,112,49
173,275,115,50
170,277,117,51
165,277,117,51
162,277,119,52
157,275,122,53
154,273,124,54
149,270,124,54
144,265,127,55
139,258,129,56
134,251,132,57
130,244,134,59
126,233,137,60
124,224,140,61
120,211,143,62
120,201,145,63
120,189,145,63
120,179,145,63
122,169,148,65
124,159,148,65
126,149,148,65
128,139,148,65
132,131,148,65
136,123,148,65
140,117,148,65
146,111,148,65
150,107,148,65
156,103,145,63
162,101,145,63
166,99,143,62
174,97,143,62
180,97,140,61
186,99,140,61
192,101,140,61
200,103,137,60
206,107,137,60
210,111,134,59
216,115,132,57
220,119,129,56
225,123,129,56
229,127,127,55
232,132,127,55
235,137,124,54
240,142,124,54
242,149,122,53
244,154,119,52
244,159,117,51
246,165,115,50
248,170,115,50
248,175,115,50
248,181,115,50
246,186,112,49
246,189,112,49
244,195,110,48
242,200,108,47
239,204,106,46
238,208,106,46
234,212,104,45
231,215,104,45
227,218,104,45
223,221,102,44
219,224,102,44
216,227,102,44
213,228,102,44
210,229,102,44
207,229,102,44
204,229,100,43
203,229,100,43
202,228,100,43
201,227,100,43
200,226,100,43
199,223,100,43
198,220,98,43
198,217,96,42
198,214,96,42
198,210,96,42
199,205,96,42
200,200,96,42
201,193,96,42
202,186,94,41
203,180,94,41
206,172,94,41
207,166,94,41
208,160,94,41
211,152,94,41
212,147,94,41
213,141,94,41
213,135,94,41
214,129,94,41
214,123,94,41
214,118,94,41
214,113,94,41
214,108,94,41
213,105,94,41
212,104,94,41
211,103,94,41
210,104,94,41
209,105,94,41
208,108,94,41
205,112,94,41
205,116,94,41
204,121,94,41
203,127,94,41
203,135,94,41
202,141,94,41
202,150,94,41
202,159,94,41
202,168,94,41
202,177,94,41
203,189,94,41
203,198,94,41
203,208,94,41
203,218,94,41
204,230,96,42
204,239,96,42
204,250,96,42
204,259,96,42
204,268,96,42
203,277,96,42
202,285,96,42
202,292,98,43
201,299,98,43
198,304,98,43
198,309,98,43
195,313,98,43
194,316,98,43
193,317,98,43
190,317,98,43
189,317,98,43
188,316,100,43
187,312,102,44
184,309,102,44
183,305,102,44
182,299,102,44
181,293,102,44
180,286,104,45
179,279,104,45
178,272,104,45
177,263,104,45
177,254,104,45
177,245,104,45
177,236,104,45
177,227,104,45
177,218,104,45
178,211,104,45
178,202,104,45
179,193,104,45
180,186,104,45
180,177,104,45
181,168,104,45
182,162,104,45
182,155,102,44
182,149,100,43
183,144,100,43
184,140,100,43
185,136,98,43
188,133,98,43
191,132,98,43
194,131,98,43
197,130,98,43
198,130,98,43
202,131,96,42
205,134,96,42
206,135,96,42
209,139,96,42
210,142,96,42
211,146,96,42
212,150,96,42
213,154,94,41
214,159,94,41
214,164,94,41
214,169,94,41
214,174,94,41
214,179,94,41
213,184,94,41
213,190,94,41
213,195,94,41
212,201,94,41
212,209,94,41
212,214,94,41
212,220,94,41
211,226,94,41
211,232,94,41
210,237,94,41
209,243,94,41
208,248,94,41
207,252,94,41
206,256,94,41
205,259,94,41
202,262,94,41
201,263,94,41
200,264,96,42
199,264,96,42
198,263,96,42
197,262,96,42
196,259,96,42
196,256,98,43
195,253,98,43
195,249,98,43
195,244,98,43
194,239,98,43
194,234,98,43
194,229,98,43
195,222,98,43
195,217,98,43
196,210,98,43
197,205,100,43
198,198,100,43
198,193,100,43
198,186,100,43
198,181,100,43
199,174,100,43
199,169,100,43
200,162,100,43
201,157,100,43
202,152,100,43
203,145,100,43
206,141,100,43
207,136,100,43
208,132,100,43
209,128,100,43
210,124,98,43
211,121,98,43
212,120,98,43
213,119,98,43
214,116,96,42
215,116,96,42
215,116,96,42
216,117,94,41
216,118,94,41
216,119,94,41
215,120,94,41
215,123,94,41
215,126,94,41
215,127,94,41
214,131,94,41
214,134,94,41
213,137,94,41
212,140,94,41
211,143,94,41
210,146,94,41
209,149,94,41
208,152,94,41
208,155,94,41
207,158,94,41
206,161,94,41
206,164,94,41
206,168,94,41
206,171,94,41
206,174,94,41
205,175,94,41
205,178,94,41
205,181,94,41
205,182,94,41
205,185,94,41
206,186,94,41
206,187,94,41
207,190,94,41
208,190,94,41
209,191,96,42
209,192,96,42
210,193,96,42
210,194,96,42
210,195,96,42
210,195,96,42
211,195,96,42
211,194,96,42
211,193,96,42
210,192,96,42
210,191,96,42
209,188,96,42
209,187,98,43
208,184,98,43
207,181,98,43
207,178,98,43
206,175,98,43
206,171,98,43
206,167,98,43
206,164,98,43
206,160,98,43
205,156,98,43
205,152,98,43
205,149,98,43
206,145,98,43
206,141,98,43
206,137,98,43
206,133,98,43
207,129,96,42
208,125,96,42
208,121,96,42
208,117,96,42
209,112,96,42
209,108,96,42
209,103,96,42
209,98,96,42
209,93,96,42
209,89,96,42
209,85,96,42
208,81,96,42
208,78,96,42
207,78,96,42
207,77,96,42
207,77,96,42
207,78,96,42
207,79,96,42
207,83,96,42
206,87,98,43
206,91,98,43
205,96,98,43
204,103,98,43
203,110,98,43
200,117,98,43
200,124,98,43
199,131,98,43
196,139,98,43
195,144,98,43
192,152,98,43
191,159,98,43
188,166,100,43
187,171,100,43
184,178,100,43
181,183,100,43
178,188,100,43
177,192,100,43
174,195,100,43
173,196,100,43
170,197,100,43
170,198,102,44
169,198,102,44
168,197,104,45
168,194,104,45
168,190,104,45
169,186,104,45
169,179,104,45
170,173,104,45
171,166,104,45
174,159,104,45
175,150,104,45
178,143,104,45
181,134,104,45
182,127,104,45
185,118,104,45
188,111,104,45
191,104,104,45
194,97,104,45
195,90,104,45
198,84,104,45
199,78,104,45
202,74,104,45
203,70,104,45
206,67,104,45
207,66,104,45
208,65,102,44
211,64,102,44
212,64,100,43
215,64,100,43
215,67,100,43
216,68,100,43
217,72,100,43
217,76,100,43
217,80,100,43
216,85,100,43
215,92,100,43
211,97,100,43
208,104,98,43
203,111,98,43
198,118,98,43
191,126,98,43
186,134,96,42
179,141,96,42
172,148,96,42
164,156,96,42
156,163,96,42
148,170,96,42
141,175,96,42
133,180,96,42
126,184,96,42
119,187,96,42
114,188,96,42
109,188,96,42
104,188,96,42
100,187,96,42
99,184,96,42
98,181,96,42
97,178,96,42
97,174,96,42
100,169,96,42
103,164,98,43
106,159,98,43
111,152,98,43
116,148,98,43
123,143,98,43
130,138,98,43
138,134,100,43
146,130,102,44
154,127,102,44
162,124,102,44
170,121,104,45
179,120,104,45
188,119,104,45
197,119,104,45
204,120,104,45
213,121,104,45
220,124,104,45
227,127,104,45
233,131,104,45
237,135,104,45
241,141,104,45
244,147,104,45
247,153,104,45
248,159,104,45
248,165,104,45
248,171,104,45
248,177,104,45
247,181,104,45
246,187,104,45
243,193,102,44
240,197,100,43
239,201,100,43
235,205,98,43
232,209,98,43
231,212,98,43
228,213,98,43
227,216,98,43
224,217,98,43
223,218,98,43
220,221,98,43
220,221,98,43
219,222,98,43
218,223,98,43
218,224,98,43
217,225,98,43
217,225,98,43
217,226,100,43
217,226,100,43
217,226,100,43
216,226,100,43
215,226,102,44
214,226,102,44
213,227,102,44
210,228,102,44
207,231,104,45
206,232,106,46
203,235,108,47
200,236,108,47
199,240,108,47
198,241,110,48
196,243,110,48
196,245,112,49
196,245,112,49
194,245,112,49
194,243,112,49
194,241,115,50
192,239,115,50
192,236,115,50
192,231,117,51
190,226,117,51
190,221,117,51
188,216,117,51
188,211,117,51
188,208,117,51
188,203,117,51
188,198,117,51
188,195,117,51
188,190,115,50
190,187,115,50
190,184,112,49
192,179,112,49
192,177,110,48
194,175,110,48
196,173,110,48
198,171,110,48
200,171,108,47
201,170,106,46
205,170,106,46
206,169,104,45
209,169,104,45
210,169,102,44
213,170,102,44
214,171,102,44
217,172,100,43
218,173,100,43
221,176,100,43
222,177,98,43
223,181,98,43
224,184,98,43
224,187,98,43
224,191,98,43
224,194,98,43
224,198,98,43
224,202,98,43
223,206,98,43
222,209,98,43
221,213,98,43
220,217,98,43
219,220,98,43
218,223,98,43
217,224,98,43
216,224,98,43
215,225,98,43
214,224,98,43
213,223,98,43
212,220,98,43
211,217,98,43
208,214,98,43
208,211,98,43
207,208,98,43
206,204,98,43
205,200,98,43
204,196,100,43
204,191,100,43
204,186,100,43
203,182,102,44
203,176,102,44
203,172,102,44
203,166,102,44
202,162,102,44
202,156,102,44
202,152,102,44
202,148,102,44
202,142,102,44
202,138,102,44
202,134,102,44
203,130,102,44
204,126,102,44
207,122,102,44
208,118,102,44
211,115,102,44
212,111,102,44
215,108,102,44
218,107,102,44
222,104,102,44
225,101,102,44
228,101,102,44
231,100,102,44
232,101,102,44
233,102,100,43
236,106,100,43
236,110,100,43
236,114,100,43
236,119,100,43
236,126,100,43
235,131,100,43
234,139,100,43
233,146,100,43
232,153,100,43
229,161,98,43
228,170,98,43
225,178,96,42
224,186,96,42
221,194,96,42
218,202,96,42
217,209,96,42
213,216,96,42
210,223,96,42
207,228,96,42
204,235,96,42
203,242,96,42
200,249,96,42
199,256,96,42
196,263,96,42
195,270,96,42
194,277,96,42
191,284,96,42
190,291,98,43
189,296,98,43
186,301,98,43
185,304,100,43
184,305,100,43
181,306,100,43
180,306,102,44
177,305,102,44
176,304,102,44
175,300,102,44
174,296,104,45
173,292,106,46
170,286,106,46
170,280,108,47
169,274,108,47
168,267,110,48
166,259,110,48
164,251,110,48
164,243,110,48
164,235,110,48
164,226,110,48
164,217,110,48
164,206,110,48
166,197,110,48
166,188,110,48
168,179,110,48
170,171,110,48
172,162,110,48
174,154,110,48
176,149,110,48
178,143,108,47
181,139,108,47
184,136,108,47
187,133,108,47
190,130,108,47
193,129,108,47
194,128,108,47
197,127,108,47
198,126,108,47
199,126,108,47
199,126,108,47
199,127,108,47
198,127,108,47
197,127,108,47
196,128,108,47
195,128,108,47
192,128,108,47
189,127,108,47
186,126,108,47
183,125,108,47
180,124,108,47
176,123,108,47
172,122,108,47
168,119,110,48
165,117,110,48
160,115,110,48
155,113,110,48
152,111,110,48
147,111,112,49
144,109,112,49
139,109,115,50
134,111,115,50
131,111,117,51
126,114,119,52
121,117,119,52
118,120,119,52
115,127,122,53
110,132,124,54
108,141,127,55
105,148,127,55
103,157,129,56
101,168,132,57
97,179,134,59
93,190,134,59
91,203,137,60
89,216,137,60
85,229,140,61
83,242,143,62
79,256,143,62
77,268,145,63
77,278,145,63
77,286,145,63
77,294,145,63
79,298,148,65
81,300,148,65
83,302,151,66
87,300,151,66
91,296,151,66
93,290,151,66
97,280,151,66
101,270,154,67
105,255,154,67
107,242,154,67
111,229,154,67
115,216,154,67
117,201,154,67
121,186,154,67
127,173,154,67
133,162,154,67
139,151,151,66
147,143,151,66
155,137,148,65
161,131,148,65
169,129,148,65
175,129,145,63
183,129,143,62
189,133,143,62
197,137,143,62
201,141,140,61
207,145,140,61
211,151,137,60
215,159,134,59
215,166,134,59
217,175,134,59
215,186,134,59
215,195,134,59
211,204,134,59
209,213,134,59
203,220,134,59
199,227,134,59
193,234,134,59
189,241,134,59
182,245,134,59
176,249,137,60
170,253,137,60
164,253,140,61
158,251,143,62
154,249,143,62
150,245,145,63
146,241,145,63
144,233,148,65
144,227,148,65
144,219,148,65
146,211,151,66
150,205,151,66
154,199,151,66
158,195,154,67
162,191,154,67
168,189,154,67
174,189,154,67
180,189,154,67
186,191,154,67
190,195,154,67
196,201,154,67
200,207,154,67
204,215,154,67
208,221,154,67
212,229,154,67
214,235,154,67
216,243,154,67
216,251,154,67
216,257,154,67
216,263,158,69
214,269,158,69
212,273,161,70
208,280,161,70
206,284,161,70
202,288,164,72
197,293,164,72
195,295,164,72
190,297,167,73
188,297,171,74
183,297,174,76
178,297,177,78
176,295,177,78
171,293,181,79
169,291,181,79
164,286,185,81
161,281,188,82
158,273,188,82
155,265,188,82
152,257,192,84
149,249,192,84
144,241,192,84
139,233,192,84
134,225,192,84
131,217,196,86
126,209,196,86
121,201,200,87
118,196,200,87
115,191,200,87
110,183,200,87
107,178,200,87
104,170,200,87
104,165,200,87
101,160,200,87
101,155,200,87
101,150,200,87
104,147,200,87
107,144,200,87
110,144,200,87
113,141,200,87
118,141,196,86
123,144,192,84
131,144,188,82
136,149,185,81
144,152,185,81
152,157,185,81
157,162,181,79
164,167,177,78
174,172,174,76
179,179,171,74
186,186,171,74
191,195,167,73
196,204,167,73
198,213,164,72
203,224,164,72
205,235,164,72
210,246,164,72
210,257,161,70
210,268,158,69
210,279,158,69
208,288,158,69
206,297,158,69
202,306,158,69
200,312,158,69
196,321,158,69
190,325,158,69
186,329,161,70
182,331,164,72
177,333,164,72
172,333,167,73
167,331,167,73
160,329,171,74
155,327,174,76
150,322,174,76
143,317,177,78
138,312,181,79
133,305,185,81
128,297,188,82
120,289,192,84
115,281,196,86
110,273,200,87
107,265,204,89
104,254,208,91
104,245,212,93
107,233,216,95
110,221,221,96
110,212,225,98
116,200,230,100
119,187,234,102
122,177,239,104
125,167,244,107
128,157,249,109
131,150,254,111
131,143,259,113
135,136,264,115
135,132,269,118
139,128,275,120
139,124,280,123
139,124,286,125
139,120,286,125
143,120,291,127
143,120,297,130
143,120,297,130
139,124,297,130
139,124,297,130
135,124,297,130
135,128,297,130
131,132,297,130
123,136,297,130
119,140,297,130
111,144,297,130
99,148,297,130
91,152,297,130
79,156,297,130
71,164,297,130
59,168,297,130
51,172,291,127
43,180,291,127
35,184,286,125
27,192,286,125
19,196,280,123
11,204,280,123
7,208,275,120
3,212,269,118
-1,219,264,115
-1,226,259,113
3,230,249,109
6,237,244,107
9,244,239,104
12,251,234,102
18,257,230,100
24,263,225,98
33,272,221,96
39,281,216,95
45,287,212,93
54,293,208,91
60,302,200,87
68,307,192,84
76,312,185,81
84,317,181,79
89,319,177,78
96,321,174,76
101,323,171,74
106,323,167,73
111,323,164,72
116,323,161,70
120,319,158,69
122,315,158,69
126,311,158,69
128,305,158,69
130,296,158,69
132,292,154,67
134,286,154,67
134,280,154,67
134,272,154,67
136,266,151,66
136,258,151,66
136,250,151,66
136,242,151,66
136,234,151,66
136,226,151,66
136,216,151,66
138,206,151,66
138,198,151,66
138,190,151,66
138,180,151,66
140,174,151,66
140,166,151,66
142,158,151,66
144,152,148,65
146,146,148,65
148,140,145,63
150,136,145,63
154,134,145,63
156,132,145,63
158,132,143,62
162,134,143,62
166,136,143,62
168,140,143,62
170,144,143,62
172,150,140,61
174,158,140,61
178,166,140,61
180,174,140,61
182,184,140,61
182,192,140,61
182,204,140,61
180,214,137,60
180,225,137,60
180,234,137,60
178,243,137,60
178,252,137,60
176,260,137,60
176,266,134,59
176,270,134,59
176,276,134,59
176,280,134,59
178,284,132,57
178,288,129,56
180,290,127,55
180,292,127,55
180,294,127,55
182,294,124,54
184,296,124,54
187,294,122,53
190,294,122,53
195,292,119,52
198,290,119,52
201,287,117,51
206,284,117,51
209,279,117,51
214,274,117,51
217,269,117,51
220,264,115,50
223,259,115,50
226,254,115,50
228,248,115,50
228,243,115,50
230,238,115,50
228,232,115,50
226,227,115,50
223,225,115,50
220,222,115,50
217,219,115,50
215,216,115,50
213,216,115,50
211,216,117,51
209,216,117,51
207,218,117,51
207,218,117,51
205,220,117,51
203,220,117,51
201,220,117,51
199,220,119,52
197,220,119,52
194,217,119,52
189,215,119,52
186,213,122,53
184,210,122,53
181,208,122,53
178,206,124,54
